id_str
1273426750660382720
1241007712869199877
1231977016385327105
1231977016385327105
1155442866061283328
1155280680584122368
1241083432287027202
1155507932148244483
1232015511250259970
1197323289934254081
1162501086936260609
1240820624794230784
1162325153872842753
1273526134982848512
1197030016220942336
1241127814872653828
1231357361035599873
1196611140249378817
1197006421818142721
1245402310143926272
1162490946103193601
1241010453695934465
1162401560762044416
1162475051033276421
1241162364122206208
1197396264159076354
1196981120224546816
1245584965804290049
1265981341826457601
1264584754793332736
1235184176028160000
1202117652581253120
1197533894649819139
1202007265336795137
1162397974917505024
1174469177647751169
1196319480177147904
1162193314168238081
1231841410464321536
1231841410464321536
1231962080003026946
1240864515073257472
1155497314175393802
1162270481665294336
1241005362578259968
1273358588262653954
1245404090869432324
1264483028161556480
1273481068616626177
1184491000401666050
1197213412545028096
1162419439981064192
1197659626860240897
1235089813692284929
1197551842638680065
1155442515979493376
1264583097959346181
1196472905602928642
1196546167905148928
1162487508082388993
1265860182044794880
1241017702438879232
1197666500074704896
1204472772665237507
1273457532292358144
1235236444714586117
1155604350833745920
1196974101837074432
1197287934472458241
1264411390216790017
1197188010120536064
1245567839676882944
1202090746813308928
1202000892339326976
1241203935232303105
1273618164232921089
1197706193453469696
1264566039507013633
1196569762937090048
1196520244283469824
1184498415318765573
1155287197362401281
1231362102524166144
1174555928101888000
1174619111751593984
1197187862275514368
1264435773840990213
1232066063489257472
1155260625670627330
1155582352200011776
1155302675761815553
1235263142369865729
1263622332280705024
1245457943891410944
1232021021290483713
1232021021290483713
1273382165980553218
1245465867514597376
1231824526318563331
1245479040389124101
1235075001830653953
1197642675551440896
1196604558232969219
1162421515528204288
1197032691293720576
1231869682803605504
1231799229791817733
1240926435365122048
1197646143171301377
1155233630958096384
1197744551651348480
1245589821340278784
1273332834183380997
1241232422248697858
1196340334696882176
1155643068336525312
1174459674877472768
1197656358377676802
1240815479746375680
1232030497091588103
1197682471372042245
1196973639045918723
1202104054048051200
1197019834141167616
1240869799485308928
1232041213403987969
1240982413020364808
1174496951771049986
1231366525929558016
1264558010275414016
1234990940047069185
1162478424977477632
1197623317605294084
1184482294133854208
1162180144062013440
1245635108024897537
1231797140751626240
1245480852437577728
1162472789464559616
1232037059856039936
1197536356680884224
1162385499262205953
1263732238291628033
1235228173450620928
1241009804627173376
1162214966776098816
1204272418388430848
1241225341781397504
1273528158596280321
1231953167325241344
1197279681411788802
1162182806350553093
1235001506438483968
1155489572232617986
1241035651115413504
1196648399874838528
1196619368974692353
1273439524362817538
1232023497926488066
1204287186683777024
1240868260691746818
1155353007980257280
1162243576593412098
1196486081425952770
1184520031687905282
1162218540214054912
1263657961622327301
1162539447822573568
1273402508719927297
1197659255844823043
1155620708304719872
1245605199164502017
1197749160235192320
1231824819991089152
1241065762305069059
1184476775335841792
1264602352876691458
1240831094225846272
1245492014755373056
1196975857560104961
1196606150973775873
1197585373402030080
1263838033247268864
1273439061592682497
1235232671938289664
1241216135959371777
1162423287588315142
1245378280968130560
1196338711006302208
1155618194117148672
1174570166090424320
1202028953281728512
1197381349478469632
1241208826210156547
1235185856350171139
1273380798536847361
1240868337594368000
1197741509631594496
1202007824425005058
1184570734368174081
1162502187781541888
1155635078464098304
1235028290651312133
1241162979133009922
1196569338947538944
1273278287486300161
1155507681941233665
1197228536144285697
1204415449196163073
1197850032881504256
1162243604623970304
1273375166244859904
1196626191282774019
1155216976937197568
1155569141086076938
1162483815916494848
1196517467364810752
1231344332231319558
1263701644392435717
1197340429806718976
1197261682046689280
1204257039616299009
1155299013991772162
1263633847167545344
1245519700970405890
1202101395312324610
1231822343938420736
1155488446527549440
1273403595703099393
1155298234908192769
1196573725484670977
1155479598949425152
1197855239547891714
1174644389756297216
1204493054540947456
1245543792545054721
1235072314858819585
1263736225044680705
1231978932326543360
1231855947691122689
1231946417796722689
1241193960325943297
1245479621526601730
1184540686634442752
1241186355142631424
1232020660505006081
1232020660505006081
1264408047557832704
1273495883603218432
1197502487051173888
1245413795880669190
1240812367153414145
1155565689677254656
1241090919044132870
1241036044927205377
1240999921815257089
1174522507761729537
1162347449832353792
1204267863684665346
1155208033976356864
1197455359180451840
1231796583383150592
1197607636449026048
1155210332287037440
1273441490358939651
1273387626863755265
1263774713408417792
1231929289261670400
1204291419017494528
1174523469586821120
1204440256096980993
1155257186332893184
1197056860693704705
1241173961934807040
1263612059393994753
1155483168809443328
1241087071642628101
1162190584171380736
1245570825270386693
1202054443237281793
1197222699292073985
1197260269799583745
1231340047737114624
1174626045707747328
1155379035431550976
1197264196070715393
1155484770819858432
1184481696378429440
1240957106192363531
1197692798763446273
1235074094871142401
1197204960418521089
1197046607583170561
1197358266143170560
1235035807972569088
1197232399580454914
1155213605765124096
1241134010652336128
1155264915772342272
1197135507643420673
1155646026549735424
1245544880236986368
1264458588145225733
1240849523749974017
1197313005752659968
1155219815788896256
1235096460699590657
1197289021002485761
1231964532265955328
1155273178408726533
1245375118945275914
1196425803313164290
1162505483577487360
1273455370284011522
1196561251729625089
1196630506793840645
1265956537022980097
1202046595182800898
1155257923553124353
1202003260556464129
1196583958806446080
1162448457342291970
1240929368270045184
1232032244203606016
1202190946026315777
1231807882502508545
1231807882502508545
1232054261636358144
1202036192939786241
1245548633111646213
1197252458583613441
1204489662305189890
1232072165165498368
1197364391316000768
1197391606954917888
1240865895364337664
1155578710495498240
1197154690141761536
1245590909305024514
1197294850699186176
1235084927076642816
1162293808442347520
1197613792722591744
1231817524758618113
1204254690365583360
1231780935445577729
1241088721623101442
1197558672962007040
1162478127341277184
1240992882481299456
1197683325013544962
1196450561324912645
1202032769041199111
1162373919539695617
1231783570651246592
1231783570651246592
1202062811347771394
1197092005974880256
1240982635213737984
1197203277248704512
1245544850260402181
1155255458200018945
1174581748820111360
1265829899027218437
1184568215378116608
1155230354220826624
1241077036585635841
1245431323323293696
1162514759977230336
1265876720311140357
1174542449357836288
1174478330382274560
1235210564869033986
1263650014838116353
1155295369883860992
1196461080643620864
1184462881103986688
1197412865373806592
1273428308865232896
1231347090405629953
1240835041892003840
1240999393735704576
1197371504159100929
1231379196972109824
1264610202717954048
1265828803470712833
1235215240742277120
1196963478222909440
1184481095913525261
1231781703573790721
1231781703573790721
1174507398670610432
1204394891859648514
1155250218503430144
1174648524493004800
1231849627806203904
1231849627806203904
1241149547847585803
1264410603357040645
1263858585265733633
1204485650881355778
1174657103677419521
1155254392037224449
1184509878431293440
1241027928424615937
1241176781224370182
1245524385198374912
1235007487377428480
1241236526522130433
1263630146352939010
1241006311640358917
1162489053448679424
1197634638212153344
1196631585761705986
1197609399113654272
1235046821870747649
1245539473909116928
1204371232222830593
1155496159185707009
1174688055179038724
1235071107599699970
1197294172673323008
1245538893371510784
1235011388671700992
1184562123646603264
1234992026208178177
1155575761710960640
1196447736171765760
1241179150762811394
1264416604114292736
1162252315480322049
1204346824603193345
1196550546296991744
1155209399536967681
1241206119550398465
1197279161485680640
1263591746971201547
1196583580182499329
1245496757825540097
1273427547229954049
1155343755848953856
1197871133435072513
1263712687034425344
1197213111993929729
1235169243307667457
1155243637846003712
1231992233123098624
1240815385894674436
1155272751139250176
1197719819262390272
1155412393528307712
1155590026014732288
1174547992860397568
1197322635249631233
1197319492000456704
1263824080689491970
1155623622909689856
1240880281579671552
1235243306390556673
1197149959671336961
1273361289419644935
1231800862613204992
1155328381325627392
1265984492432502785
1263709558490517504
1241106374081368064
1204320440421928960
1197344176087719938
1202132524698202112
1202229865048616960
1273463916774019077
1231866330300571648
1197102598853025792
1197729324763246592
1204326126035685376
1265995286410932225
1232040955043352578
1155628581508304896
1240824015125504000
1197175663834345475
1162235054078062598
1265815946834464769
1155451795126153216
1174592927668023296
1155237027920654338
1240856343331790848
1196361671058640896
1245586548604600321
1174483113893695488
1231793214627164160
1204497357636849664
1232020524106166278
1196386022914953216
1201985617887989766
1204242183752163328
1245504612804640768
1197304417650798592
1204271024025612288
1162500080999550977
1231817465119641600
1196417674202497026
1245606104286916614
1174480716635287552
1231970997018021888
1231970997018021888
1273612479432740865
1155263459451293697
1204212207124459522
1204448231805071365
1231930069964251137
1196641097428152321
1174472387716354048
1162431602007453697
1232000845224579073
1232000845224579073
1174510917595348994
1231789124438364160
1231789124438364160
1162392329245929474
1196575977150853120
1197233625860845568
1264546041434603520
1235107190567874560
1263717075392045062
1184531342287130626
1174668031504650240
1196998599277715456
1174501062142828544
1264592102241046532
1197605963039203330
1240966819822911488
1197511959073214464
1273449478041866243
1196485402854449154
1162486935891382273
1241163416418562059
1196969255906009091
1204443511401197569
1241198079384182786
1197392239745474560
1245377218177458187
1204495037519798272
1232017327928987648
1197577224452489216
1184558890081488897
1231798143416782848
1196315825814327296
1264538301714837504
1202027297340981249
1231961193931313155
1231961193931313155
1197905130395439106
1162201592877244416
1155642396341866496
1174500664015314951
1241138480979247104
1174548148158525440
1162440673477451777
1235061955758403588
1197188483711811585
1202130354426920961
1197536871347367936
1202022710374797315
1202023644878135298
1241047790274457601
1273549966263246849
1232019386120060928
1155373578260381697
1196974554872049664
1235177276137852928
1197624188770631680
1273607122983493633
1245534541567188993
1155550828989755392
1231887664883929088
1197302677232852992
1263714708361633793
1245603798845804546
1162235434967060481
1231830009834164227
1197909088169910272
1162399460430876672
1231971579292213248
1241194547314647046
1202019155542593537
1245449565182009348
1196999586755338240
1184518247867191296
1232006494650077185
1232006494650077185
1241016166581182466
1162204207190953986
1155593709502849024
1245611066685448192
1240848760265232384
1196960985912881156
1265823989684826115
1174459185175547904
1231773449259036672
1196991414523088896
1264568168690913280
1273403487775272966
1155510610139836416
1264580820225921027
1264449069918949377
1241161094514835458
1202023450937683968
1204487932486332417
1235210996169527301
1155510433878597633
1240893958902779910
1155268350127300609
1197127325953019910
1155543404383809536
1155476332937142272
1197239775054446600
1204495036995555328
1196625088809984002
1264570478368260096
1197630074373234688
1231922561564450816
1235071569715556358
1196540623584673793
1197624037058449413
1245534851870138369
1264443649095380992
1241197918385774593
1204444701916573696
1162508271510384640
1241104354662182917
1235073367071285248
1204485053520252928
1231979942814064641
1241060483228033024
1273297967387234304
1197206670885212163
1162233184265703424
1204460402748342273
1155251245373898752
1273410587037499394
1174580247364329472
1174655894002556929
1196498930961461249
1196360234165399554
1204259437671845888
1235254870367752193
1240866534005673985
1241084794177372160
1197040997487828992
1241028590671724545
1162506838178332672
1235045970930327553
1202184877707333632
1162353971727495168
1197130544649293825
1196475953406500865
1202006970577891328
1155253816280911873
1204482619494293504
1162240787905560577
1245546079250255872
1197155744333914114
1197139091239911425
1155527637118226437
1197581123813027841
1202224830873034753
1245518008182767616
1231780114440052738
1162391175644323842
1202046608415821824
1231366450155315201
1162485031652220928
1155524157267795974
1162529174046826496
1197583472082075649
1241022333030215680
1197344012157554690
1273440613095084036
1240809395656818694
1235266413289443328
1204478776672968705
1174573736118214657
1197007642050355200
1265907738011488257
1197632908913102848
1245446285236359174
1196648904143429632
1197876972271087620
1197564895463723009
1197520270136938496
1197313611665944576
1155287118954082309
1240992909975044096
1232025982309060608
1232025982309060608
1162400249467604992
1197719675221807105
1162257485014560768
1235196481960923138
1240820415091691525
1231819789351473153
1231819789351473153
1155296143783469056
1197025080359845890
1245564585534513156
1241112942285897729
1155631454476365824
1174524829913010176
1155580903927754752
1245431360812187652
1196558295038857221
1264603332691275779
1241117332380016647
1231777788937502721
1231964461738545152
1245525698560868355
1196993683159052288
1197308002769879040
1197836422276882433
1155387006349975558
1263632845597270017
1264441728104349697
1197357315290288128
1162198288571031553
1241229589340393472
1204254628306673664
1202173747588763649
1162407386579161089
1263593496209833988
1155609333658509318
1273438596884836352
1231917934156619777
1204480560804122625
1263826614913122306
1202072500840075264
1202118052973862913
1245479831241981952
1197368577583566849
1232020000795512832
1197185969763553282
1184504785581436929
1232005939932336129
1245578722373038081
1197177034096697344
1174472536610037760
1245533209598853121
1204488783460274176
1197366532352958464
1174586094056280065
1184580861154484224
1174644904623927297
1174687503678345222
1241099109978771461
1174589057088806912
1245464369410068481
1231807654336647170
1202089382855020545
1241087921442000896
1264514287315251201
1241186587850883072
1240902018614603776
1273351058782326786
1184535635232772096
1197347154819457024
1235090684324925440
1241040431477129219
1263718202950877184
1196984227675475973
1240840699869908992
1197715167011835906
1235009611163471877
1204465911245217792
1174450345986015232
1197033720793817088
1245590115251978241
1197235146749095938
1235091759450877953
1196564899155120132
1231832264985673728
1155485371876225026
1197212347313643521
1155525159710838785
1197323294262910976
1196640584557060097
1196377943586549761
1197294819338588160
1241011411100327943
1245539356523163648
1232091283033927685
1263806143060750337
1184550208455073792
1264420054235561994
1204225818802696194
1162196903083171840
1265849249025179648
1162348566741954560
1197004598189400064
1235216457539211265
1235004097058795520
1204302799787450369
1231819028999688192
1263658796175560705
1174536440002121728
1196455287798030338
1155265954118610944
1162465626843156480
1240888914220666881
1184548716491038720
1202121450980806658
1197172058439831553
1197241466550210560
1196471004438126596
1197590837074415616
1197379612478717953
1240847574233473024
1174479151404896256
1197580091473006592
1197134223087243266
1241201571611975681
1162177415499735040
1264597477610545152
1235012094191374338
1197582388269858817
1162359265669132288
1231786814056235009
1235096750295109632
1241225211430801408
1174663609038888960
1197290382536478720
1162462872863068160
1231331994052616192
1162325005679640576
1240870892038582276
1265838083775356928
1231340864758321152
1196578927109644288
1162382670506147840
1197705800002740225
1231963316035018752
1155483232449781760
1241168401592127500
1202015679328722947
1155516135393103874
1197031629736284160
1155629273144864768
1197521331379683329
1263704786282545152
1241212096001355776
1197369796834279425
1241111146997919745
1197686575095787520
1197601270149697536
1184500185755475969
1232049214009626638
1162460221081575424
1235255278062403585
1155330355458535424
1204421640362311680
1196319302154096641
1273613670711427074
1197253346278727686
1264563596597624832
1197474472787238913
1273349927683256320
1204366137301049344
1155247965067456513
1184462493227335680
1231352623204192258
1241229267523911680
1162251575110168577
1202056852479057920
1235150291068219395
1234983291519811585
1197808248960585729
1196347980250406912
1202109238094573568
1231384823085793282
1245548746265354243
1232070069594869760
1174612559841955841
1197577345919602688
1241228967132135424
1204262350632734720
1241083023774429187
1231983453194854400
1155615268082737153
1231992264987160576
1231992264987160576
1196438486364119041
1184472957319602176
1273493723360514048
1197254478031998978
1197710936871714819
1162350985970368514
1162537823108550659
1162509975555596288
1264567121843011585
1241176775637569536
1240873370159394818
1196495261046063104
1245446773553889283
1245586585157947393
1235214706069118978
1155634970334863360
1202023156275384322
1162240532631842816
1197009224724824069
1155442411331624961
1155342624414240768
1235007898465579009
1231971599479431168
1235201042792542209
1204257380566892544
1204476589423112194
1241212258342121475
1197178218077401093
1263838578188132352
1155248422666014720
1245523810868252674
1240890824780656640
1162347947780169730
1197870894552621057
1174491806559592450
1174687368290471936
1197177185167122433
1240861191947407361
1202063683758592001
1196439341440081920
1197874975929225216
1204222042092003329
1231790493371174912
1202058592439943168
1162376527549534208
1263597776920653824
1245406300311375876
1241176179895197697
1197247144501088256
1202214805601435648
1155632918494142466
1241047013229240320
1241128154477010947
1197232350670860289
1241063764360695809
1162508960659697664
1197042670314516480
1273433731852898309
1174517088272019458
1240861003509686273
1155361888131264513
1273307221015670786
1204465076310364160
1241189900004646912
1162359509781815297
1197878184630464512
1204422654339346434
1197225403615596544
1196518314547318785
1201992333803315200
1204345710604423169
1232073875728609280
1197895175009394688
1231847722161848322
1231847722161848322
1245514411336294400
1231804700321861632
1273492194268151808
1197344247705481216
1245477577776496645
1240954656311914497
1197553346598645760
1241135495960289283
1184534122724765706
1197321842006081536
1155541672891039744
1264490254406496256
1231852904702607360
1184521341237637120
1197440882309521409
1204214176383750144
1232092499243683840
1231998335617138689
1197733123401928704
1231348972897202176
1155585367871021058
1197711669167673345
1245581518732275712
1197722649310482434
1162476854239875072
1174490195472896005
1197215916917833729
1265834334113710083
1235070586272935936
1201998126724173825
1241021499642974215
1155324931560923136
1264426498943070213
1155645195540750337
1197424163486683136
1155569603524751360
1240928252446879746
1202164141064105984
1231356899397971974
1204271626025684993
1265818677338869761
1232006300848054273
1234984937763164161
1263666486826000389
1197171297832361984
1155259835186679809
1197297625940271104
1196470629735768071
1162338283566841856
1245535978397335552
1265822652016427008
1197177436842188803
1241162843136933893
1202077946263097351
1231820891862052864
1231820891862052864
1235218946867032064
1155269119165571073
1263857579177934848
1240961415462223873
1197271027618738177
1196455282664202241
1196433266703773696
1240864509276966912
1235266417810759680
1155649161665978369
1197634424021508096
1245466758233784320
1197584518477012992
1155584529672921088
1197619737938841600
1235026019641208832
1201995883723870208
1264413380728799233
1232069411097497601
1241007731936579589
1273414533705539585
1197533877532872709
1231374004650496000
1231787816172113922
1196506205599887360
1265995962989842432
1155221711484346376
1197896695855681539
1241081359185014784
1197894471414898689
1231995378624598016
1197496033015738368
1162187937351520257
1273477635356704768
1273453297060511745
1155511303508639744
1231804421534711811
1231804421534711811
1231970402651561985
1263583734286045186
1196521985250955264
1231772944327561216
1197635113586167813
1197006301735325697
1197223419437355010
1231372697634037760
1231783704051224576
1231783704051224576
1263656141898297344
1245486048223932417
1232058652644782080
1197402951439933440
1231857466503090176
1204445404659499008
1197536721342279681
1155489593837477895
1197454438992138242
1197697650814050304
1231859614699753473
1184548233999200256
1155571890699870208
1196522145679073286
1241217325795328001
1235048668064972801
1197004642791542785
1197163677872467968
1241182074884759552
1273465248888926209
1204205944281935877
1231971105784487936
1235019131713228801
1273362916549578754
1197540503983706113
1241172886938927104
1204250404797714436
1162411748638502916
1241161723773681664
1155337909605740544
1197156291275309056
1155299154115080192
1231816760434651138
1245572629232115713
1197603084500897792
1174674453269307392
1235267162404802568
1174539675513556992
1155576020457664513
1197181990837067776
1204394518390484994
1196983725621436416
1202163840999403522
1155491751601332224
1204378593431883776
1196507746864119808
1155616541888720902
1196331323943604225
1162517717196386307
1196529463229603840
1196556168656801792
1197651196191875073
1231781561508548608
1231781561508548608
1245510277656952834
1162403862160007168
1204340186278244354
1204252955752509440
1162524826134704128
1245385579073884162
1240856140763869184
1245517831397085185
1155237073789415424
1197052280207360001
1264600490932875264
1263615490045276160
1196648499611234309
1197157752583458817
1197162225007505412
1196586613779812353
1155230694475517952
1184568230075142145
1240984818650877952
1202029070869024769
1155625589270863872
1245403170978832388
1240959101556994049
1240869670917419009
1263633356958453760
1264605938868039682
1263650198649257984
1265957988575084544
1232004621352210433
1241128418571321344
1273345076320583680
1174524734983344128
1162512052847558657
1235109433715249153
1240911148192432129
1197043270972522496
1273509167815438337
1263719254576246784
1196503926964662275
1196992801768165376
1231820077139480576
1245528690878033922
1184469248904695808
1174657353720819712
1264576620783964162
1265823080095420416
1241229323169935360
1197029155478679552
1263680229517807616
1264509784448999424
1162515509553668096
1235018374364762114
1265812993666953219
1162524558517317634
1184505840419536896
1240855381854670851
1231360758493175815
1241190101683703808
1245537472341213184
1196449056723292161
1197375109641752576
1197083938960732161
1155313626233704448
1174456635382743041
1263639778593030144
1232015644213661696
1197857736685432832
1240865635631943682
1241060826292813824
1245580129612357632
1196591967041445888
1197575165779021824
1235022461374062592
1196581530233196544
1204246629588635648
1231857377156247553
1231857377156247553
1184494131361599491
1231996374415269890
1273376553012023296
1245456341126320128
1196512421483044869
1196336565020180480
1155594765561487360
1174513614692241408
1174509797380689921
1235227269699796992
1231352136451022850
1263838731259260931
1162489966368317440
1235070938263080960
1196502761795457024
1231344036318982144
1241206208197005318
1235262898219429889
1155421304184549376
1196994633571741698
1204322270207852544
1202107507243536385
1202023282909810688
1232092729133293568
1240854310604414976
1264477864818163712
1162288300893200384
1245442543476707329
1231984315879362562
1231984315879362562
1184469498180657153
1245463282347114511
1155287906249920512
1162438005245849601
1155242598480658432
1174472149353918468
1231832338910175232
1174545390219120640
1197626721400430601
1174505802067075072
1235270619614371841
1204411560317407232
1197254319847936000
1155589073324728322
1240840039791280129
1241103286096232449
1155586482012209153
1197032101687640064
1232026420681072642
1273595004351586308
1155303717077471234
1240854777497559041
1197225663662571520
1204248163051278336
1202020175266099200
1155287369345581056
1231366604333735936
1155526446158426119
1155555206391894017
1231893762038796288
1265857707598282753
1263844010197737472
1265932515082145792
1155296776066412544
1204343382199242752
1273480478142709770
1174472299698769920
1196640404734656512
1241061920016347137
1264544950999560193
1245462808122146817
1197530104882245632
1204473475374747651
1234984682741063681
1273441300847759360
1273385584812146688
1174508435817336832
1241075718504644608
1174521015491104768
1197822710044344320
1197046584468525056
1196981866739449856
1197727503680442373
1155222684424396805
1240931632338501633
1204489656038875136
1197154477817630721
1197365971960451072
1241186635724791808
1155625284206583808
1264420374411968513
1155305516932968448
1201987111114739717
1197575902420512768
1245568213297115136
1197361402823901184
1196602202686554112
1273303346426806272
1202211292016197633
1231346561558315009
1197903463151046656
1241142660296998916
1197907123482566656
1162495158614659072
1204357441267392513
1232026404784459776
1263578079311491072
1240875533975670784
1174527723101970432
1155518422597492737
1245541895872188416
1264588976658276360
1273356881734406144
1197579054905344000
1197514798805770241
1265896552268251137
1174664941350993921
1202159524616036352
1241052268125962241
1155271750696882176
1245507399311486976
1264406664553402370
1174622131860201472
1231355704423964672
1197393900874469376
1174512648135827456
1197087175482990594
1273373203339964416
1197687883240366080
1184547908642725888
1155540328323145733
1196600430681317376
1196448491968401408
1162488465843478528
1231843069408022529
1232033262408695808
1240998949491802112
1155533363651981312
1155632543242342408
1265827213078863873
1155336579646464000
1174481935076380677
1265971265246040065
1204458958334726146
1155374569982779393
1196311986054631424
1197802192805269505
1162355274700787712
1241040886374563841
1263685401178517504
1241091655534608387
1162190847561089025
1184496006706225152
1197668862826864643
1197216884992512000
1232058536370327554
1155587622774943745
1202237637542723584
1196322502890287105
1155325291155189760
1231827818910060544
1197588212690100224
1174534736699637760
1197172410727960576
1174506052311797760
1265842567381495809
1162489952015458305
1197116072127807490
1184539490607611904
1196599816035405824
1235161490585354241
1263648958582263811
1162204458408763392
1197864787276914688
1197430419924250625
1235204334780116993
1264559076127707137
1245595865093267458
1245465739068420096
1231374919814012929
1197359182426427392
1273380106354991104
1197004861809651713
1241102489878847488
1197669604895678464
1197098763380244480
1240965015345213441
1184485988690780162
1263841410911997953
1197687121521397760
1265854204603592706
1197172335176011776
1231940659831066624
1197734506729480192
1241073717981122562
1162338724040122368
1197297439801253895
1202095976556748800
1197508085113348096
1240817436619931651
1155220592653561856
1232027473795309575
1162369649041739776
1196632383874842624
1231938645151617025
1196581142259830784
1235124772985622529
1202231053819301893
1204249079603175424
1232069247314079744
1232014964904251392
1197356208983871490
1235268600681893889
1264525662716600326
1197316213371785216
1235062399494836224
1162513555637190657
1240824628576165891
1197060159513645056
1273470759210549248
1273288049322070016
1235244840826351616
1155339056064057345
1155563967743320064
1197187641579655169
1197417958236131329
1241212558553604097
1204468442721652736
1265906029474115584
1202083852077936640
1245481063633367044
1174525160918880263
1184566052421853185
1231984550697414657
1231984550697414657
1263612550018510848
1196645890020323328
1245376729830522880
1197345527844749312
1196989656388243456
1184492660960174081
1235092624089858049
1245540981560262656
1263822473168138241
1196415237244755969
1155631231570198528
1197144858819006464
1232018406091763713
1263711375634948097
1162383302449405954
1197455378721591298
1245437219357315074
1241208704579633152
1265892130838511617
1196502268595580928
1231774956817702912
1273351667300339715
1155529553613393921
1273489993181380610
1265872788281126912
1231819854081998848
1155273448039550976
1241147605025017858
1174455120844578817
1202154384982978560
1162410879398240261
1197885314100027393
1202013273995931648
1174543205402075137
1273414118993793025
1273419482942357506
1245566892892438528
1184472280983855104
1240983910072356865
1196514939197804544
1273410935215046661
1155580355639959553
1184546622832889857
1245533350129020929
1197382013319335936
1231813827513241600
1245584307676041221
1264593726774665220
1197579314868473856
1202193913173266433
1197170734432477184
1202222782316261376
1197643596964466689
1162406118645215233
1241137100717686785
1264549267236159489
1162396455857872896
1155587671944773634
1231802410894548992
1235183194808266754
1231922418089938944
1231922418089938944
1232060682641846275
1174518602575294464
1202189131205480448
1197594688783552513
1162444312656805888
1162193445190086656
1162420242930425856
1234988618969534467
1204481434431311872
1240853076430315525
1232020686312525824
1245480397171023879
1196489899534430208
1174467521979867137
1197694601299210240
1196647014102163456
1184548258863108114
1197350505128833028
1196556024892674048
1162318724571045889
1174480048402903046
1263629999262838786
1155586615156314114
1197370064669855744
1265989523919581188
1155518056648589312
1263666152644808705
1204231334832562176
1162429121152069632
1162227647155298304
1197285711566659584
1241147096004038656
1197600962526863360
1197897163377913858
1240851844680650754
1155518748570390529
1240954951720894464
1197402034481356800
1273503831700246528
1264410120584179712
1235020748382752768
1155251278680854530
1197031709679800320
1155342828773527553
1231346346650550272
1174544679884525568
1196390434609778688
1263849745295917057
1196984808246779904
1240860387429380096
1245552398816313344
1155207218297311232
1235270346292547586
1196456192542789632
1241011934830432256
1197705062254096386
1197366062414811136
1196368451876442114
1235011567349108737
1197305781227384832
1196308299186163712
1235034562855485440
1241088830201094147
1241143949923942405
1155360547602407424
1273482151946838016
1245487695817662464
1240948441251041280
1174672357920845829
1184484099504754690
1231953525380468738
1197043539080876032
1240977529428684800
1265939395703500800
1232053559958605830
1162510540595453953
1197010175128940544
1264601385615732744
1241014582409400320
1263727208683560960
1202226042108293120
1241071125838299138
1184529717233438722
1231337858591547401
1197414039506366465
1231771793733640192
1245422108869607424
1265915745806036992
1196493833556639745
1232070542326484994
1196644406960504833
1197753957851881474
1174651867864928256
1232061891284959232
1241138683861966848
1155639566197567488
1263662227212697600
1273353405013078016
1197221363930415104
1202030830480216064
1162466501422661638
1273377989133250562
1197350643574484992
1197390344897347584
1240977981897654274
1197252527848222722
1155641108522815489
1265833950796267521
1196498541126070272
1196485825216876544
1202089269445173249
1241074040422293504
1240989488878362624
1155240046859030528
1196489048271048704
1231832807057477633
1273455355951902720
1162534644383932416
1232023872830083072
1196988824036896768
1196588702874517504
1231775527167578112
1201994919335743488
1264400786802577414
1240823543887212544
1265833787486691329
1155368348441444353
1231775631366643713
1232032792176926727
1196982538889134080
1231783219118444544
1241017430513790976
1241165963992563712
1197339144588070913
1197280173328089088
1263857479202549760
1162315112058884096
1174632598787829760
1201996406296399872
1241219042108719104
1197264506151460864
1162527081080807424
1202115174863450113
1197512685262389248
1232047789837824006
1241039274939736067
1231981064131727361
1231803252259213312
1197674648416206848
1240893764173885440
1245586698567737346
1263709650010214401
1201996372494471168
1197543054376407041
1197719429716463616
1204483657727127560
1202103259055263744
1241055979124342785
1184578224631750657
1184463817276825601
1197143152752070656
1273371168481914881
1204248700660441088
1240873586430070785
1204480220226564102
1265891522626703360
1155298715650969600
1235126867750825984
1245582753082388483
1197365948208078848
1197850796920057856
1174631511963947009
1263604102824673281
1273587043365519367
1174488414726623234
1184564150392897536
1197723949586669568
1245442497301618689
1197697005285453825
1235066320653127680
1245541370019958784
1162441970867789824
1162234767540015104
1155621680015904768
1241179602078380032
1162225080979480577
1231955936262180865
1196420920073695232
1197601075764715521
1196319450158583809
1197157278169944070
1264437210578849793
1241189703908540417
1240919879324250112
1197570132983324677
1240877720092971009
1204214465777954816
1184552635833180160
1196504121832022019
1155303284053356544
1235226663765585921
1155215848602263554
1155492634481307649
1231388951384072193
1204270500958134272
1273601421720653825
1235099544469131264
1273300316394598400
1241087121290678277
1273280005901082624
1162203113949810688
1196475312156160000
1174517444867702787
1162380953752350720
1204373594463260672
1263735804565700612
1264412528483934214
1263646164504772608
1162526451964481541
1162538832044019712
1240829782520205312
1174503349481332736
1155513103423025154
1155598694919671809
1245571892016103424
1241195064048652288
1197314830648127489
1241077147982233600
1197672320585883648
1155595263140085760
1196598312456974337
1155642055630213121
1241086088246104065
1155292252329189376
1231370713757601793
1240838899041099778
1235266590402170880
1155629311837253633
1196646419337220096
1232021486287847425
1232021486287847425
1196539284318281728
1196580390321958914
1155308744630296577
1162413287704805376
1204211365285642240
1241234029015445504
1241007657919696897
1162352163391037445
1202031412536320001
1197152795973050368
1197584857326596098
1196546659460800512
1197373350198181888
1155268446453665792
1155612311966638087
1265983642142035968
1241131147037265921
1265831584990670849
1184515920552775681
1155586381974048771
1197423976949137408
1155572806765072384
1155616709866414080
1204256395299713024
1197214962755788800
1155504985846833153
1202010105887236096
1264610561444233219
1241218444953075713
1196617984443322368
1155636938432532480
1235160555389935616
1235071108535037952
1162450913572741120
1155603681913573376
1240874268814163968
1273382367504338946
1162368576965271552
1162192415408709633
1235022516076212224
1265845286355767302
1245586803723124739
1245400456031076353
1162366141207064576
1245428252941877249
1240905919262851072
1155639131550228482
1196626673959153664
1240882636953989121
1241016870158905344
1197010409330487296
1155408600132673537
1197199512416202752
1241156168195756038
1174552882580021248
1231771858225238018
1155278212215312384
1162196188495536129
1231351001891950594
1202012839013167104
1202060781983911937
1241121013062086656
1231870941497524224
1231368654878494721
1197563136657829894
1197716927457767424
1196513436869562369
1197376308923322368
1197345174432600064
1197559045957148672
1197327782214356994
1196571623240982529
1197342511498321920
1197558282635882497
1241055219544293376
1235248922857271296
1241133531436167168
1197027051456233472
1273289366434131969
1155364972349788160
1241087151779053576
1235259817582718977
1273394656634683392
1273380783114371074
1263681868081369091
1155274048722657280
1155578318449782785
1232033495616311296
1241066847203622914
1273385852593373185
1196435310349094912
1162430674999087107
1235011960015638528
1241203309483966466
1202062198421372929
1155637286404599808
1197658951611015168
1184557506342731776
1245512403862917121
1235021818559258624
1241138657085571072
1245506669473234944
1241099746711760896
1196428791708602373
1204480660196515840
1263819900075859969
1265904942134390784
1197225388247674880
1162379017535836160
1264459498237747200
1241154056401358849
1265883600492388352
1162181259784806400
1155310571996229637
1264599176752529414
1184523021186412546
1184505978340790277
1197566037920796672
1235113864330530819
1197294987337256961
1162179892378820610
1235095033881100289
1245554900429389824
1162431072967127040
1264408735889469441
1202025819733942272
1197254846233096192
1196603119146278913
1264479113282154496
1196578846746632193
1197654986676682752
1204459797543882752
1263586802863988737
1232054948462055424
1197255403236495360
1155546628662669313
1197269060817321984
1231781334395346945
1240993111477755906
1241012872605511680
1174675804028047360
1235085633036537857
1196312879185776640
1197847503812599808
1196527807058382848
1235083313150230528
1263736650384805891
1273298118650494976
1197675932162633728
1231383224821145600
1232063312617230338
1265815665509883906
1245386724320202753
1265887320605106176
1155598624904138753
1155634006228180992
1197603569945501698
1155585870461902848
1232008542711885825
1265884585679826944
1231367785550352384
1155593096224235522
1231970097931128833
1201997253096833024
1162402331373133824
1197551242962030597
1263587708426829833
1241172318975438848
1197747021484118016
1245532065552109568
1197402670148898816
1273544461352566792
1235069802747580418
1196996413412036609
1162461446124560386
1162252525212356608
1155575129243639810
1202113060057604096
1155641307232112640
1231798201088389120
1245395028316508166
1162222212515975176
1245605155350786051
1162447502399795200
1202195184210960384
1155627142908186629
1245503330412949504
1197367045869801473
1197008955177918465
1231785054377930752
1265915173635678208
1265915323213131778
1196650258996060161
1184541323325509634
1231958934761754624
1240969631713509377
1235189702426333184
1196468538481029120
1231966798934892544
1196556529035407360
1196445044804374528
1204251812351610880
1174488945498832896
1241181658272972800
1174522315792629760
1273592911838445568
1204401555644014592
1155320866315673600
1264430063862325248
1155549580089577472
1273458007083552770
1196469599862177793
1155608286709895168
1245552520249761792
1202181700567977985
1197821965349916673
1162275156867239936
1264436417322799106
1197034520693878784
1231957968792555526
1231789353627766785
1241202139512406017
1201996596574969856
1235001553523822599
1265822436886548482
1265825726433026048
1231962188115476480
1273373716186107904
1197718803557343232
1263778578975428608
1155634783793246208
1184564503482159104
1196619151147712512
1265927927843237890
1273377161613848579
1197343884013187073
1231332146759053313
1162516886308958217
1245475527416328192
1273594237532221441
1273276891156197377
1196496289325707264
1263629582604869634
1231345404631027713
1273435849305325568
1241019249839280136
1162489556693897216
1232078187162632193
1273414219501887488
1231926829788860416
1273394227930632194
1273282382838337537
1155329764288270337
1174651217156464640
1202208130412744706
1162371574827278336
1155616676290994176
1197113682804785152
1240980106132303873
1263843849706717185
1184569485677793280
1241033587199291393
1263690167258210304
1231366588072439810
1202055094155395072
1245466566315012096
1174519500823306240
1231372238651305984
1162478503121625088
1197314284012871681
1197723582064988160
1202139310230622208
1184544443455725569
1174506304536285184
1197750134567686144
1245378444592062464
1265861402784346112
1155627104936984576
1240839263291428864
1204426772726476801
1204472732257312768
1155486663549825025
1197040267058040832
1197629982178250759
1196456447275683841
1197337152885051392
1197827909416869888
1196615895294103552
1245560837495853056
1162205325547560962
1263615374773248001
1204283243375316992
1245455905401036800
1273364206457421826
1162504665281384448
1197234020721070080
1245586488575713281
1197237273491890178
1241149390766714882
1231351698180001793
1263582451911163905
1204216708535377920
1155605977259028481
1197880390633086976
1184540419247489028
1232020425942564866
1202106711059755008
1196470891821064198
1197424360744783873
1196536717039169536
1162414974079160320
1231363885199851520
1196465838712340481
1241208840869347329
1241163768266096642
1245389898913394690
1241076227089281025
1197635337884966913
1234988293474750465
1196404658513813504
1196641626921136129
1245431116955357184
1201992099576590336
1231924837129576452
1155504497009016832
1197080618309427201
1155323256653713409
1235088740420222976
1184574454489387009
1174451025480159232
1162479040965464064
1162529665447333888
1155326664831852544
1235028885751787521
1235253444463734787
1155570845495877632
1241093929648431106
1231785209286266882
1162226623975841793
1155578052564246528
1265915754479620096
1204215766943436800
1197270679940403202
1231339739246211074
1197045925199220738
1245484000065527808
1197699950710267905
1197575652213501952
1202085655326670850
1264467347064012800
1155329392358199301
1204256578586562560
1162184461674602496
1241159104544100359
1245590171149451264
1240878806216384512
1240812412959408130
1273408215686864896
1197343099539865600
1231819807668002816
1235010854657101826
1162532168330932224
1197321550984167425
1235072299742588928