id_str
1197061812669353984
1196429031652110336
1245379465011703809
1197043429559226368
1263670261175521287
1245608385057132544
1197547239985598465
1245426667906088961
1155621899742973958
1263664025633615874
1204305758281560064
1196649260781047808
1273457662085206017
1197381396681113600
1240990623970332672
1155427905129918464
1202045929110544384
1155478295179218945
1265992758709411841
1265889607394029569
1155210860949753856
1265840635388391428
1273292438975606784
1196355325441511424
1184511969241550848
1245597442818506758
1196316882028126208
1204401300017942530
1240946345394835456
1264423418063130625
1264497068510294016
1197721265173401607
1196614454265278464
1241210119360307201
1162417255432503296
1202240453753614337
1197120414650159104
1273336890201169932
1204418265952538625
1197176888881336322
1197094299273314304
1162214160081420288
1231943529020174339
1202194794069540865
1197273630624944128
1245585388816621569
1155551578822184960
1245560033192050691
1196968801994182656
1174531316970401792
1162319243721027590
1197227662638505991
1245587273543856130
1240837553890177024
1155493730050301953
1155384996992962560
1245606325238657024
1197375246266966017
1174497785674182656
1204476160094007296
1162501280373198849
1241039879468916736
1202186559514124288
1162216571315470342
1197515549829300225
1155482380934795264
1264531539490222080
1197404790910849024
1264502427044241409
1204290607981551616
1197320799549566977
1232066899887972353
1241168891210072065
1231790577454370816
1241087280833597440
1202097106237972486
1235039798953312257
1241169810047807494
1231973618923556866
1231834067726819328
1197567485907816448
1197805327892275200
1197301014086455297
1162350459878662145
1197759446132383744
1204457349378912261
1197024270100160512
1174647310959218688
1235168521740484609
1245434673398001664
1235113811264360449
1240866817209290752
1196439071997988865
1204451160452558848
1204283323129810945
1196634627546501120
1234992897121869825
1204284316173385730
1241196087404306435
1265839770560860160
1240973248742830081
1197292506427187200
1273381030544760833
1231952033546211329
1231966740453744646
1197682310650486784
1197460182218891267
1197743197226749952
1273419592845623297
1235075777131094016
1197067874143260672
1235150330096005121
1196612496267722754
1197380275602436096
1231796090975866881
1155568406436995072
1196324895849877504
1197263870664093697
1202106229813731328
1265952666313584642
1155298905128673284
1240951277003182080
1196432698236997632
1155368824469745667
1155207594333466624
1197167923263082499
1235153586746781696
1197898962826600450
1241071926417580032
1204277227225075713
1231882677315407872
1231866119289438210
1197125263840219141
1162486146099830784
1245619002941911049
1235197904190681088
1235181892304945154
1235052226747351040
1197816951151693824
1240917902427111424
1231820688626864128
1273282955746500608
1263801432718733314
1204288309532471297
1235082127823130625
1196398282542649344
1264426819463327749
1197433312404541441
1241153530813169675
1235023441650040832
1265980498775388160
1162437349017620480
1196642303210905601
1231834608523784193
1264456179117445120
1232033798981922818
1204412441163001857
1197001047702679552
1155284280643186688
1197692182993494016
1273590086450495490
1273542015729483777
1197870217994625026
1273299690436657153
1241226676081774598
1202124245108580352
1204349262508765185
1231807248579481601
1231930635683586048
1197158822738980864
1162334235019137024
1202075667590008833
1231985134217449473
1184523943602016256
1174605477398929408
1174654381024673792
1245615080919543808
1162224901421277185
1174657027316027393
1265989273561501696
1273506408059805698
1204221062877241347
1204240891877249024
1196312565464403969
1155328247548252160
1241222202650959872
1263600060597628928
1263740563544653824
1196479741643153408
1174552154872270848
1197203253513113600
1231916055720873984
1162246647549587457
1245605736068993024
1184498082442035207
1231783171462705153
1240881290192326657
1174680769895100416
1245455548478189568
1240972468635959297
1264528521763999745
1240836043466854400
1245430981374476289
1197361202143252480
1197736276549685248
1197513660937015296
1245564757140295680
1184500101856841728
1241030734459985920
1231825526844776448
1155398978009104385
1235210958982836226
1265876399002464256
1235055999867731969
1235168472381808641
1196473772485701633
1155637955920302082
1265992396883595264
1174581202344402944
1235018740296806400
1155586123244199936
1197656198310453250
1196600853899173889
1263693008823869440
1197817778402742272
1174481286989307912
1264504852689948673
1235054349627191296
1197880967849005056
1184576280794206209
1197147182421266434
1265843106416558081
1240963203112128512
1197877676532535298
1264490496270819329
1197737139171184641
1162183675594924033
1235101362754424832
1264408224750542848
1204394186692280325
1197213139705778178
1204211921802735616
1162465195140108288
1245605037906071562
1201999549000228869
1232085778559270912
1197463752398036992
1202225291457904640
1235139271109087232
1184509998451318785
1263595276540932097
1245409415278231553
1155483415388594176
1232005552030584832
1235043894796009473
1162419609397583875
1197165077389950980
1245453111969361920
1231821766814625792
1235096704380055552
1197462059400802304
1201986570183573504
1265889201897246721
1240827613662380033
1235192343298531328
1273584890907426816
1204261327000276992
1241098518045089792
1197215667654660098
1264539687680708608
1162517968292655105
1245641722635288578
1197662797183770624
1241088405594755073
1197078816390148096
1273404770418450432
1197557661346062336
1155456616940150784
1162269118625542144
1231877413140824066
1204368529912406016
1245577489625141251
1174631819125198849
1162215220426657792
1162360338949349379
1155368918342602752
1155310774476255232
1235115410422263811
1196557756288786432
1174557982123843584
1231868375023796225
1240913836426891264
1240925955478224898
1231796523077255168
1241227902030471169
1273553316375560194
1231833128211296257
1155472416665210880
1235084952334565377
1162254741587423232
1202151710782820353
1197373624472219649
1174659666208612353
1196457065318952960
1263674230941593601
1184548605320777729
1231889461694410757
1263704205291925506
1174581432749981697
1231820721069920259
1273396067560763392
1197068413698543616
1232039167602745344
1263810777988939776
1174567776276615169
1155316636997603328
1264481482690768896
1245619621664714754
1196340429236658178
1231953574105616384
1231798806976647168
1196331486187839491
1155556691779305472
1197317970134994945
1197109075491926016
1196465987710787584
1202211443225120768
1231869770338897920
1245514856192761858
1245435740051460096
1273458406787973122
1245429262838050816
1204211953239023617
1155373512774651905
1235128493718945792
1202057946051432448
1263835987358224384
1231864313905926144
1155240320642297856
1202125496844214272
1184519914213785600
1232058427548958720
1162201008522612736
1197472146672345088
1204267224485249024
1273298660193902597
1240881502881116160
1202105191052521473
1273507615536865280
1231938306675486726
1197494234334367744
1265955519480676353
1204221813372243968
1264443412729626626
1245485884033634308
1197156291275309056
1162344641326399489
1240909137745190912
1174555148699471875
1197747577279651842
1204312753734705152
1264416032745304064
1196329887180742657
1231830971541942273
1241111999679008768
1263810574779105280
1197823307921461249
1162433947877462017
1162201542847553536
1196633251101790210
1240892024867508224
1197868634560978944
1155326208453693440
1197119041632124933
1265893761508192257
1240935361255100417
1265816392659582976
1202070912218075136
1245590936450502660
1204287744215830528
1155507838975913986
1196387838096334850
1174681610538471424
1197193294733688832
1197883083523006465
1235090794807054342
1197380784400879617
1197612729382690816
1241211207291371520
1162480224317181953
1197017721365581826
1197317587865989121
1197371979923369985
1197485779259281409
1265963830758252545
1245522907582758912
1197242572059693057
1202065271411871745
1245644425402826753
1231812821232553984
1204292234096652289
1265939674696122368
1240974054602887170
1197902336657514497
1197441001285132288
1263705708324847616
1273618893156696064
1197214930627416064
1235266868182536192
1240929013008404480
1162366549266554880
1240983305824153601
1155448856915644416
1204292994695757824
1264486569127194624
1174516863927279616
1196430434504265729
1197562296572231680
1231871803443884032
1196634384943788032
1264587815494483968
1197720214156259328
1204300345930846209
1197534642171023360
1245502488582787073
1155533362385342465
1155466040836546560
1263723648289878016
1197010377130692608
1202122318119604224
1273485790979461121
1155354747668275205
1273385486736863235
1162425081827430400
1204410178080260096
1202181609534959616
1184539559754907655
1241102536154787843
1196468612556623872
1197038559506714624
1241049290375598083
1196595922055991296
1264469034021642241
1197592659587715073
1196390455166087170
1197528530042658818
1197774294702411776
1245559533780393986
1196628161200611328
1265844822549630976
1245565351531667456
1240899577244454912
1273508144422031361
1240998958857625602
1155619052699693056
1197399153334214656
1265816535790088198
1202084950654300160
1196517559165698051
1202041962616041472
1197230036635586563
1197388540545339392
1184550287563866112
1202225206334345219
1197887037854113796
1202053002355499009
1197695277743755264
1155395761133277185
1245432036258701312
1196526845681946624
1263637143307591681
1202157720444559360
1231340695497170945
1264571479292891137
1235173470029385728
1197749537407942657
1231940819634073600
1174532992104128513
1174503061227749376
1162508873506402305
1245628214250094592
1235170913298997249
1204455685825671170
1197729133020626944
1196449121000775682
1196471892531654658
1265886718215012354
1232002955462598657
1197785913704632321
1235045253960196098
1235260078724222977
1162525545155956737
1264404946017026049
1202105142474092545
1235108487849332736
1231873434243813376
1263598990261547009
1264529975383908352
1245494446868901889
1245553130252746754
1196308354718556160
1202225859328802817
1235033805594824704
1197429954473910272
1241152205132115969
1202070013303279616
1263699540517048324
1197303828686811137
1174673387265957888
1197864326096441344
1273302923078856704
1231834845065576448
1245489384209686528
1245641992823926787
1245588540307550212
1240947409318031360
1245486950410321920
1155366074910683137
1204487602004381696
1197605767555305472
1263704847477436416
1184561142221492224
1162402280366321664
1263832396102725632
1162284705246433280
1231973494352576512
1235042476756353026
1174621017139904512
1264472120156807168
1265819659867009024
1245605464043225089
1162366241169969152
1264403808458805248
1264503634672353280
1202097726537773057
1155468314891575296
1204250016820453377
1235155966259351552
1162365257836302336
1184542990620119045
1162201891721232389
1231954780785958912
1263864209823027221
1174494740257083393
1231991017743630336
1174668446468104193
1202011145030246400
1174508031909826560
1174660668823236608
1263625505829339136
1197177874282897409
1184564761033359360
1240932617358209025
1197139388813185025
1155410679546798080
1240961909706362881
1204336036882649088
1241178850786189313
1155271907505266691
1196484622651199488
1196379809196236801
1155378096108785664
1202090438380924930
1232088371482198016
1196650817199038464
1245632731435814919
1204264513362710531
1240885784426643458
1196612717664243713
1174526922640056320
1265907458381316097
1197402218175107072
1155253157758263296
1204217365065584640
1197053961775153152
1241234498798391296
1197362221422006273
1196536625527955456
1162354975038672896
1197362194662350849
1273466702362300422
1197871240511475717
1241032748304715777
1174583044302356480
1196521655293632513
1202232704261087232
1162247519432146952
1155488200191700993
1263741413386149890
1162448840668131336
1235208157825306625
1202179564182671360
1162196601122807808
1202096640322162688
1197789762440105984
1162482405774700545
1155273306771267585
1263748914114633730
1245556317789523968
1196499452799967233
1197394547506122752
1273306035231522816
1162189397049016321
1155509533395103745
1231956111185661953
1197500362355281921
1204307987591942145
1264523989801668608
1197796709323223040
1232090153600024577
1264516891793666048
1196440183580844032
1196961220722659329
1202186418241470464
1263719673180221440
1196651640604053504
1204221324064940032
1162263077737259013
1273467380207882244
1197623418138566657
1263733770886283265
1162227148486148104
1273500064367796225
1196977891600453638
1162268486011240450
1263631363338498048
1162360242216296449
1264534776209223680
1265994146252230657
1240979031098396672
1184477741716037632
1245449197685338112
1197377771519037440
1162203391478697984
1197361259060121601
1204288671014412288
1197393112617889793
1263743648367284224
1240833979378331648
1235099008445509635
1235098385595510784
1263640081761476609
1197279018715877376
1196987030779179008
1197581572234346496
1162223675069755398
1202068764570849281
1197297706420428801
1196513141993201664
1235062922377695232
1265864483894751232
1240844092432506880
1196985254394966017
1264580741729366016
1240859302824476673
1204234696550473729
1174515420566605824
1202098250347618306
1240929040887959552
1231863469810413569
1263620696145563649
1162370895240810497
1184476229740748801
1231790045054611457
1197240887899639808
1265991481375862785
1196334596469796864
1264529277170655232
1245586540031430656
1265854775419006976
1174627567451725824
1196363579194167297
1174554740983812096
1241026829705674752
1155452408115408898
1197307637622132736
1196646697876803584
1155409794234224641
1197726243421949952
1197385393169149952
1197394619006251010
1197680418616758272
1197009494095433728
1232031437890752513
1231956441491234816
1204225423758024707
1196338017058705408
1197108781504749568
1241131443914444805
1162436730907181056
1204443917715943424
1265845382065487872
1202211320826880000
1231379209785925633
1231383596411367425
1232081618757533696
1155211752512077827
1197021767056928768
1197192352487505921
1204403892680843264
1197614630849388555
1204231118779813888
1202049531170508802
1263699339781832705
1204269915386941443
1265986063492923394
1231810463794651136
1204432960016924673
1155584691908620289
1240965808630751232
1231783056140374016
1197715071620616194
1174464743748329484
1196631630439469056
1174455500643024896
1240963390337474560
1155490125914222593
1197587794874523648
1197696151794917377
1197483875846541314
1197044061544341504
1174682716178194432
1197746010589745152
1202102933782847489
1231916242145042434
1240838603485347846
1265890949886066688
1265963998891180033
1204391770848665600
1245595105672589315
1231796742175236096
1162438051039080448
1265900985077116930
1231977903769997315
1235174744183508992
1231820325257543680
1245568896209276929
1235046034302218241
1235100760020570112
1162255171977527297
1235077844067168256
1197485234385633281
1241195899285647363
1263590028644544518
1162296743477702656
1231983071110537216
1245587253188911109
1196428481393020929
1204292697512652800
1162252822051602432
1245579336582696962
1197085578317238272
1162459413820653569
1202142742962429953
1265964295139069952
1155494298315644930
1263729679992791040
1202105729404035073
1155523316423118849
1197862765613862912
1235026734686167042
1202050664764977158
1197090169347854336
1204317086065086465
1232072687356436491
1204298276394209280
1174525405556068352
1174655181344182272
1263584139384504325
1197426085438402560
1245637313549307904
1155486258501754886
1174645598710128642
1197441877970173952
1263771745502330881
1196448047674339328
1231800971535245312
1162378579868553216
1273531327355203585
1204276755764318209
1155467292043382785
1196639922309844992
1264444702956433409
1174522641866117120
1155302437168852992
1241203342795313153
1197134771975008258
1197172383427244033
1231808699951439872
1197861098407510016
1155472924306026503
1263644128379797505
1273428845077696514
1202065779975311361
1196993236167995393
1264426423097290753
1231369380455313408
1202111847157190656
1240825275929198592
1155466005352779777
1197754468797956096
1265976553940439046
1235054863181967361
1264606548275474436
1245605101684678656
1204441245621223424
1196452949368737792
1265957110447255552
1204403391969013760
1245402946143125506
1204261261124485120
1273553351209295872
1204308223240609792
1162235267933065219
1235044751923011584
1202141889727614976
1196357432517242881
1155314000596557825
1235192086783287296
1197243113707720705
1204250040337928192
1197086112335847424
1202095106389659649
1204482899010932736
1241231348494258176
1202079902473818112
1235162769055526914
1231989790696001536
1155603621175844864
1245500441821093892
1265834720585224192
1235098405803720704
1155342963813289984
1196492776587833344
1240884507705659392
1245612191488696322
1245417041978368002
1174543298658222080
1155639684631891968
1196394176163778560
1197085074229014528
1174467553600536576
1202012022281580546
1184484026607902720
1245442802017861634
1196649762860044288
1240955624520728578
1240809861656567809
1245499874444902401
1235031308574720001
1204447925201448960
1263744753344155649
1155350240108732422
1197886471237230598
1263802036459454464
1204266134549217281
1263631482142277634
1263647246438076416
1196586267204603904
1202093705357910017
1240896585640185857
1204209835325165569
1162396673680793600
1197397003602411525
1240896921574805504
1273343394719264768
1155589066316029952
1273440812261691393
1162327962240221185
1245574876397629451
1155317556363911168
1202216080707592193
1197547474145226752
1204416219530461185
1155355866884976642
1235236489694412803
1162396710045396992
1232085533125275648
1240923312559017984
1240864386715136000
1264498969436139520
1204392815498801152
1197064118810710016
1197624536239366145
1231808882697232384
1184520612041121796
1197066951018725376
1197182709652541441
1174561603875946496
1204282276055416832
1231788218116276225
1231830840868556800
1273611979941449728
1197803479080652800
1240955603788455936
1231782493424168960
1241128726009712645
1204257281132466177
1162436314882613248
1231345983042121728
1196364162764562432
1196650659195621379
1245568534320570373
1235069483317948417
1196526464755068928
1155353470343548930
1197121685738020864
1155544153771483137
1197482595388461058
1263808564642164736
1204316416360374272
1241009917353394176
1196435526066352131
1155320754378039298
1241194045478785025
1273443178511769605
1241005389014896641
1202118727606554624
1231775395403436032
1196607617336053760
1231806776049389571
1231975330665160704
1231879357376929792
1204445427447324672
1263750427389997057
1162318102773678082
1245626138312884230
1196623812202246145
1264473875716419584
1155252164270444544
1265912345114611713
1197357604185313280
1240843113737879554
1240957611010396160
1240943457008574464
1232072378022150145
1162299617050091520
1155294582390833152
1204401006815129600
1240860249466253312
1235021030004903936
1196381847250452480
1264434256278892546
1204361670744838144
1202130144674103296
1155257419880116227
1202175161769828352
1273372239975649282
1197863074822156288
1235090485850427393
1245560730356576258
1162236736224690179
1197376570412978176
1264605156189995008
1197442698946306048
1196318964374224896
1162519091531472896
1197342772602253313
1197083314592595968
1235135815765852161
1240940337356361728
1245554103239000064
1204276871451430913
1273596653434548224
1197875614008647686
1241236244413026304
1197454587877150722
1197672702343032832
1263770337679835136
1263778951580782593
1231946626673106951
1245418663768981506
1155418793688145920
1204402108457467905
1197763850096898049
1273519983478353925
1202033534715736064
1196999479242711040
1240912668300541952
1174506020359614464
1197654795580035072
1265946210877259777
1240873700649467904
1232017520594489345
1235008738890616833
1197728994642153472
1184562159348531206
1197761738965434368
1245441755509596161
1162228758012542982
1197509220012216321
1174571294282723328
1204474117954641922
1197368864067198976
1174644044695126016
1264490906167762944
1235120070726049792
1240854499360747521
1197694167457173504
1263780257812881410
1197693112044228609
1162416412830437376
1197360677805076480
1204352767378083840
1245575491450368003
1197344265678053376
1245641259202400267
1240861465386647554
1265960209287122944
1196999342877483008
1196333316645019648
1235049565411143680
1184463779418869760
1197504663148519426
1241052062361587712
1197518286944010241
1204280367089410048
1155599405501730816
1174616674588381184
1197249268559630336
1241015361530626050
1155525611064107009
1155446536861392899
1231914544252870656
1197004409475084288
1204324716086849542
1197550601766424588
1155528095702671360
1197239374049529856
1202088221011775488
1235172503804416001
1232014042731970560
1273604692820590592
1263816410381205504
1202077575427895296
1196511654575427584
1241087863619543041
1265920391664418816
1174647867149049856
1273353300616908802
1197664255052570624
1231911924146700289
1240876032363724800
1184473396001665024
1231990276182413313
1240950664244662272
1155306611168174080
1155530874009657344
1197723267349536768
1265834801988337664
1197572772496625664
1197300794720059392
1174672452099694593
1264597928372551680
1240972485513756675
1263684861086371841
1273338016828776454
1245609802455085056
1197038093968314370
1240830554242789376
1241103928931975168
1174571508875825153
1174565693167218689
1204427254673166339
1264404699614187520
1263697870563225600
1204364343573389317
1231965296413552641
1155384712208105477
1197071986775805952
1241075123060224000
1202087095470370816
1155299256779051008
1235132038438686721
1240931169769852928
1241042604021686277
1155564048265748481
1245546309559312384
1197114166529667072
1197076227460411392
1231956948288864258
1273601460979236864
1204356413365084160
1197289438637887488
1196309424576565248
1197630380406235137
1184488617672171523
1202049323552460800
1184527968334503937
1204266345598193665
1155251512983072769
1240830095629172738
1273325661768351744
1263815963306270720
1235058222249021443
1202174951924490242
1197387768353247232
1184507246476058624
1265934843914960897
1162273019768610817
1162268487802208256
1231947455970844674
1174624597657968640
1174524691945537537
1264403283550011392
1204340127499214849
1231855292440367104
1174580484099252224
1231922256990887936
1204205458891759617
1174594479032020993
1204352940623966210
1197527664195776515
1241075801866620933
1265897701796962305
1174462606423334914
1273570955466547201
1196433707084763138
1240912801356382208
1155542173267288064
1196322221804924928
1235234296929161216
1231868115140665345
1245620868077641728
1155429046466932738
1263769585557426176
1273480961020375040
1197085077223723008
1204484032777478144
1197031634144505856
1240923476439023616
1162512280980000768
1184577378338639872
1174558528893116416
1197554296092446721
1162411575023718401
1240899260884942848
1155444825535242240
1155600145750380545
1263717482759630848
1245551547460857857
1273433863835049985
1235018925743779840
1231832885667278897
1197736196291489793
1204214585219321856
1196361000200613891
1204277753597644800
1196480930128564232
1231972044935438337
1231952339487031298
1264527033897562119
1197807474465804288
1174607040750092288
1245532036124815361
1155211877669982208
1231922472464867330
1240915922786766848
1235188856925949953
1231889266793439232
1245638384443207681
1241187014617313281
1197151030863106048
1231790340136370176
1202036212074188800
1162180335901319172
1204233675706994688
1241224995482873856
1204355087981785089
1155369302633177088
1245598334158393349
1155546284167716869
1245558146669502464
1235165661376270336
1263686172519346181
1264429606037151744
1265827530063429632
1204432148347916293
1197017009877377024
1263722421904965632
1231909639316365312
1273509485428924416
1240853215001956353
1232089198313820161
1197460174870646785
1265862059994071040
1263693143653994496
1264492064764497925
1204255670415089664
1196365871196889088
1245527250843439104
1231963534759747584
1155311306527977472
1202165594503680000
1196602885288665088
1273484686191362048
1197602057177448449
1264481822722813953
1197410894650605568
1196413722312531969
1240874653335371777
1197657222576132096
1174506099593973760
1241226749595115520
1162469134212333568
1240855632225472512
1264476447433011200
1196453457999384576
1197058359574302721
1197776283578421248
1197834116185636864
1196625051434373122
1162201134511075328
1235102534957551616
1235105049870622720
1264416344675700736
1265865834368466944
1174521126736805889
1231881624398135296
1197704569092034565
1231787705819959296
1240850577623527429
1273598750657843200
1204268418209325056
1197153796134072320
1231911630310723584
1202057303098298369
1197736071196483584
1235158849642016769
1273589195639001089
1162432034402439170
1155572629711020032
1263765513982926848
1197711267844280320
1264426494811607040
1245640179928330240
1196583261956378625
1197514404721496066
1202227956145426433
1264518644324851716
1204408315058573312
1197412088668286976
1197739528124952577
1273298639968800769
1196492157105905664
1197355665972498437
1174655222288986114
1231926968263856128
1263862109185728512
1202071730790924289
1162205774703026178
1197523274269429768
1241214511283134467
1155432417274007552
1155331020335566848
1263700370389372928
1273578601099689985
1273619403645452288
1241240596150247425
1264409809975050241
1231870798752866304
1204309246180900864
1202053327955144704
1245611873484959745
1264544448463007744
1184507057002692609
1202177849014259717
1231811832647704576
1162265900377972736
1197426288694190080
1197826512361263105
1231784698009079808
1263668621839962112
1174519868961558528
1245466988388003848
1231899335681396737
1204258558377943041
1263740924083032064
1197871022713769984
1273538377342738432
1245509454822596615
1174560512220258304
1231925510554476544
1235095252421111811
1235062995354390528
1273598623956295680
1155421859262939136
1235098944394256384
1263852290479456258
1245627587923079168
1245436088107167744
1197700363438239744
1174497434757713920
1240914564360912897
1235216655208402944
1197485429232164864
1263802111432720390
1231812291668119557
1197677062166843397
1197831910476505090
1197722478979747841
1197372398514913280
1196487877158457344
1197068295888756737
1196516768417828869
1197783517159145473
1197231486702718976
1204454926493114368
1202211380629266434
1263726397123465218
1155320038519296000
1155445189353312256
1197617138250534913
1204365339045154816
1196402116639645696
1162514514400747526
1204437780341739520
1155271818502184960
1196638418966470657
1197007446847430656
1245643773981286406
1155364885573840898
1264567318140653570
1241027152159571974
1197375805120274434
1232008669904109569
1184534118354358273
1265831301447331841
1231791180549103617
1196326578277384193
1197063115168456706
1241077281646358532
1204297204128788480
1162395855455846401
1197035632532561920
1155446288155983872
1245564929710731264
1184562014489735168
1197702579557412865
1155240262794432512
1204312041944576000
1273511576864264192
1241193148677840896
1201992559217782785
1196635330524397568
1231903711284408323
1155423419187548165
1184507562470699008
1232003649116803072
1184517171508121603
1155272305142054913
1263767932938657800
1174503498702106624
1263656827155341312
1197275645262401536
1155603907181195264
1231843760851628032
1197028037348462593
1202133518941335552
1204404808620204033
1196402933610496000
1240886593445126144
1197619288204611584
1263587860046729217
1264569525464379392
1197230655375060992
1184538734672433152
1162510659386564614
1231821433296347136
1184466056716394496
1245603694453784576
1273299244208840704
1245485126106128386
1197023931745615877
1197070698780315648
1174598394750406658
1197721720616030210
1196999415380221952
1245604584795455488
1197867250755231749
1174553141037228032
1155449049564233730
1197794350983471104
1197371666285944832
1197245540964040704
1240981822735036418
1245603757796118528
1235141942935252993
1202085952807669763
1245527885563269132
1245612918315429888
1264441873776685056
1235234754976456705
1241237187460345856
1231797751001706496
1245435543716081667
1204256752897843200
1235134833023647744
1197697756883750915
1162527671831711745
1155642918528417792
1240866523297787905
1241228036839743493
1197350445594726402
1231812992280358912
1197827990807298048
1174527447812980736
1240846179707039746
1264554532933177344
1231950411810119681
1264497671542239232
1162337063095689223
1197063920487407616
1155284875123073024
1155364333393797120
1174566570816868353
1196636662224191488
1231788442566189056
1196624027747520512
1245520962860138497
1231859679367614465
1204303109058490368
1235070348221022209
1245514187205267456
1231353490137632773
1174484145679941632
1202083937239080960
1240974937235640320
1197518556155400193
1197752812001619968
1273392508324720642
1155303425095151616
1197432424176738304
1241184446201696256
1202099153284808704
1204406804613959680
1197027569633284097
1245641223194345474
1235081490767085568
1231973603979165697
1235217379023413249
1196440605955674112
1204455044797665280
1197759449680605185
1196619430597410817
1231794883242987525
1204210147855200258
1197407886718226433
1235019625177518081
1204238928997425153
1241100161482399758
1204447745622196225
1231945722183979010
1265983066432065537
1197694748754153474
1263797752317849601
1197375965866930176
1155567258250424320
1196632850981949447
1204267732750888961
1162365005938995202
1197402071848439808
1264552500981456899
1196334112874881024
1197210404205629441
1202181165534318592
1196370717606076416
1265840027264671745
1245379752912879616
1202073318720802816
1240955394563899392
1197029790601162754
1241180597353091072
1155381445118103554
1197803096077983747
1273557153568165889
1197438463768854528
1202098786467745800
1197196013766877186
1155626030213869568
1273288046293778433
1264460968928505856
1265979680643059719
1197440065867112449
1264499248365780993
1235082927077130240
1241200255024193536
1240953598894379009
1155210813323534337
1197124931319947265
1174573536960102400
1174653953650257920
1196626520695037957
1197793260971925504
1197347079452078080
1197406931297718272
1174595247071883264
1231951014401576961
1155498116398952450
1273490002811346944
1240974275680632832
1202146013798182913
1240948833544257536
1155332556935614469
1231781886772551682
1196383355811418113
1196429463229255681
1197700965245313024
1245544523180191746
1265850684378959879
1155330796972118016
1265856397805326338
1263851852392783872
1155218842466918400
1263745681434517504
1232006922980777986
1264485923799986176
1197209548630548480
1241227405181644800
1155464784776765442
1155463229604323328
1231771478573682688
1235105706090459136
1241240485164810240
1197678131500503040
1202106045549539328
1196444482784419846
1196969550820061184
1197813405094219776
1196451337514471424
1245582413033439233
1197000680801591301
1204275330246172672
1197500765088169987
1155296829912899589
1264516957631545345
1202214871678496768
1174601323817447426
1202108363062087680
1204303707896242176
1202085530655170560
1162499815172788225
1235207531884163073
1240862060625498113
1204271690940731392
1241234174079414275
1184475775564562432
1174597620611911680
1184476254646485003
1202085827934859265
1174592679797252097
1235063373735145472
1241211294813949952
1184499207035592706
1155551590130081794
1204300427644329984
1231395343725715457
1196624293829853185
1273532379794231297
1231882169607446528
1202074139101745157
1155504685169688576
1273522642234925058
1231817346873991168
1155443991757959168
1197010445573541889
1273445475165917184
1202105800031899648
1231854136703909888
1202062503271895042
1231858650836160513
1155315234015514624
1235197477864771586
1197594665693974533
1174499701309112320
1155601957928808448
1231366568409468928
1174461400065957889
1202107030594568198
1196975733190668294
1162506605826641921
1174514292646916096
1202146884027969542
1197529028351135749
1245529783628369920
1196984666072465408
1265867811819159553
1241032292060913664
1162359491431665665
1232010989450776577
1263687800316211201
1235064817632845825
1231912944683737091
1197505073628233730
1197426711610056704
1235057815321886720
1235135228517154817
1235184562864631810
1263621803043250176
1241234400676888582
1273614481411788801
1231370200630616064
1245638294467014657
1235036974580367360
1174568447373500416
1231966463197499394
1204351745427509249
1231809699269480453
1197571322089361408
1196533001284251648
1155406909526163456
1245617644100653057
1231819682434502656
1204210698655617024
1155329748534513664
1174548765929349120
1197391685917007875
1231843576180617216
1231955007030693888
1273466505867472896
1235222544795324416
1184535308806840322
1263777199867518976
1196431802115776512
1155343750169812992
1202094868866187269
1231825483408592897
1155306596672647169
1197670004784816128
1174607513431363584
1264409526696120321
1245591173177069568
1155579932157759488
1197315090724339712
1240857229781356549
1197019727710674944
1235270743665119233
1204350084017721345
1196525223824281602
1174524131846606848
1265846558291042304
1231949567152644096
1174534078995030016
1174658644509638656
1196310012282302464
1240945336857661441
1196464834742771712
1162506125650137089
1204490019798474752
1202093063054774272
1174511226195533830
1162256287154917387
1263780770184912901
1264409168489955328
1264574290944393217
1162268050751541248
1265945686358601728
1204489935140655104
1231856439582511104
1197052070286675974
1196320744571068417
1231804734585044992
1265981981453680640
1197447738297868288
1197085084383371265
1196581289509490689
1273558863967596544
1155339497212542977
1263783203032219648
1263827856502648834
1174680813155172353
1174670411197558784
1264420058622824448
1184483701587005440
1196584110854152192
1245429184354308096
1197798294271021056
1155360571480530950
1231356548749893635
1196389820223938560
1196364895039762432
1245634946795892743
1197023090380877824
1197148304649474048
1204240724700651522
1245644233341452288
1273501954606616576
1196649266132869120
1197109587637391362
1263682512301232129
1265856819236343808
1202116813280202752
1204288907128557569
1234983947005657088
1265883662035247106
1231976050521001984
1197137878876336129
1231933195878268930
1155472217645473792
1264411879943831553
1273462203916660736
1231953203962343424
1231789733682012160
1174560328123707393
1263656965005344769
1232020885990567936
1162426693493166090
1240872946832265217
1197428774972866571
1197314186650497025
1174529780147863552
1231857077087133696
1174607574689300480
1155268452170510338
1197086351788666880
1264608906162167808
1263738414253424640
1197000412768931845
1264574251132162049
1196385442276364288
1155300439283257344
1245627158501789697
1204436706541424641
1273383951223140352
1245379539552718849
1204346921596252160
1155357689561714688
1241003050799685639
1162436676729393153
1231773826503119008
1202206816698011649
1235066716020867073
1155489150986018818
1155237531832791042
1162262745506410496
1263644423457570816
1162470799275700224
1155219641154899973
1235206986414862338
1197439970291658752
1202175066525450241
1231897921911742464
1273439099618295809
1204410939224854528
1197395486447063040
1264545333373276165
1197714103978143749
1235239968533934081
1197800567671795712
1202166830376329217
1231771587961085952
1241187915788681222
1197464863854993408
1265853365784924160
1204317204684181504
1232029127772901386
1264586500563521538
1273452900744695810
1231937707800252417
1197707844973412354
1265963244843233280
1155333448258789376
1174502331825758210
1202228617201291266
1196413763697725441
1245434326361268236
1241210752570134533
1162350927828987904
1235055554046771206
1241157376918597635
1241004971660886017
1196564177034399744
1196481811947212800
1204247394574983168
1265845767991934978
1174670901440393217
1197844687400439810
1245512509077012482
1231886830255034368
1162307154453422085
1162394227214446593
1231850039389016064
1202034000862367746
1204396505915908096
1155644175938805760
1174659222660890630
1264511315395203073
1197908212181340161
1241196586056798210
1197694738696007680
1197438244817899520
1265917070916702208
1197304616263794690
1197182916154933253
1197203895484846080
1245621541011767303
1204276520153427968
1241239158435110913
1264402999226572801
1197601879636627457
1231945532240728065
1265939273678798848
1241219259851825155
1204475185463730176
1263726646571327488
1202216628706070536
1231908749108842502
1155305776388419587
1196420457093828609
1202218276572413952
1231969024071872512
1162441473368952832
1265994389966319616
1231833448375083008
1155438656867274752
1197343257409335296
1231896432250060801
1162326605076844545
1204449668895252481
1231793081130852352
1197230939543195648
1155485636331261952
1155307425848877057
1204426154591051776
1204253921901993984
1245577928034795528
1240856356518846465
1245638601070661635
1273283546422050824
1245399382670872579
1231985106019065859
1204283039057989632
1197316881734098944
1197202162947772416
1196623584279646208
1241106123010322433
1265843184191418368
1231826757889789953
1174528503527747584
1241242492424642561
1263686410663387136
1174534695268343810
1231827677612560384
1162201062557700098
1240841243783049222
1155436962037166081
1202087887803756545
1265954961466089472
1196413899614162944
1162209866821189632
1162249920729903106
1197201938879668225
1155302475748007936
1265827812549832704
1197494380925476864
1197142472369082370
1155461152333320193
1202015403628609537
1245559434119720962
1155513352589680640
1240838919362621448
1197807999533928450
1202117349383561216
1197123024497065985
1197892208353009665
1273598239774834689
1202211278229520387
1197370829031591937
1202167920505188353
1231795706723090432
1264565108153421824
1231954629505830913
1241092018153160705
1240847826474565632
1231990226337165312
1155355033963245568
1263757597414318080
1155387570924269568
1174528851558457344
1197373057893064704
1240828405341458434
1204463748179791872
1241184400286638080
1174509334073659392
1240809276001726464
1197175814124642305
1273563121500721152
1196478117465989120
1155308418858721280
1162539578236067841
1265905986340093953
1240909397037113344
1184519855615234049
1273512637771296768
1235007281466662913
1197170324078546946
1263771636790185985
1196643019258318848
1197326582517522434
1197489362503634944
1196598483874197504
1240812723253833729
1245590133614587910
1197855616410226688
1235117710079479809
1196586626664804357
1232083401051705344
1197192992643145729
1162321226125066243
1197128752922333184
1197763782283538434
1245582256439087108
1204267703143264257
1197449827782553600
1245607430827823105
1184527496450134017
1197757944160325633
1184547115596505096
1184512518196088832
1196476874911887360
1162360895789391872
1197198536804163584
1231823089580806144
1196422452546457601
1240831793181401089
1197794554931372032
1197636033627639808
1197683305195409409
1162247649166147589
1265961000894820352
1202090759664668673
1174581240269299713
1155341907993792512
1196480589844664320
1245394883172544519
1204367764640526341
1197652795731726337
1240818623662317569
1197297940697509888
1245603852478369797
1263830477108117506
1162365001836818433
1162518002161651713
1240982954337120256
1231781885468127235
1197844560417828864
1197499075387691008
1197008434777993219
1245437927389364224
1232023812973244417
1263699722277212161
1197204288835117056
1231784976804405248
1263695833591099397
1162203767082631171
1155474500961669120
1273414030926008320
1231854613797593088
1196332647712202752
1204318409326022661
1196416686200623105
1197483613056618496
1264436537992847361
1197109808912048132
1197176915389374464
1197750597526659072
1273606948861227008
1204478384618844160
1202124228046311424
1155571853240483840
1196529186556567553
1263863024596791296
1231841354176761856
1174539870963818496
1240916203796905985
1197202373166415872
1240833593741438977
1263725454042648576
1240988158847791106
1197104225798545408
1263637277676384256
1245406982296739845
1235203412251287552
1202089053677637634
1231851179098984448
1264452957044707328
1232010698705833986
1235072154066018304
1174606014483591168
1155479935705858048
1197861642392002560
1232073330556956672
1197004047548596225
1263602447521583105
1197543725288869888
1202109073505705986
1162369612492619777
1155500639872569345
1162480946710491138
1197660082248413184
1264558883558830083
1197507693604261889
1202180387138609153
1263598879595008004
1202195321146753026
1235087201421029377
1264495325445672960
1197517852154060801
1197524739633405952
1196459286563569664
1232003447949529089
1263838919206014984
1196972260579512321
1196393517892997126
1174622005607510016
1197520282774364161
1231771417387118593
1197285326093504512
1196579795313811457
1174543986696085504
1232040730308145153
1231829677846589441
1204285388174614528
1231363346378551296
1231900098386370562
1197576313579745280
1235106070093160449
1197119036296876032
1240884272698982401
1245467334636187650
1265943342774472704
1240935355865595905
1202048210048606208
1162456229207261184
1174565740889989120
1263818758558187520
1202071737141215232
1197868171878969345
1273505342966558720
1196350491443122176
1155462030343774211
1204466330461716480
1197519815071666178
1162307631568084993
1263650256060911616
1231989244102496257
1231966129540612097
1264414136240390145
1196332814909624320
1204329884249550849
1231885888293990401
1197591908651921409
1231919032225406977
1240908892550373376
1197287542627950595
1265897548025196544
1263690358732525569
1197756326102724608
1263586958766268416
1231796208005517314
1162252178943164416
1197787397267824641
1231772271955582977
1235219425101565952
1197268504111484928
1197337806793773056
1264447405937684480
1197693183968317441
1231814213896736768
1231821989804990467
1155409894071250949
1196458056487440387
1197207003829018627
1204431527507091458
1263763361046593539
1196362225876754432
1202028067704758272
1232012384765542400
1162405911870287872
1263646254652948484
1197408413430341632
1231798575304187907
1204258980585000960
1235151746516705280
1197551926579224576
1202129664044498944
1263634481119969286
1197393369787289601
1245589821340278784
1235246440240287744
1240846329783488512
1273454800626159623
1202037386974240768
1202205945536876544
1197250779909898240
1265919528145387521
1231884001482244097
1263822877909868545
1197719769249669121
1235084720079130624
1204258680566403074
1240878418159210497
1155308970506108928
1231867016132186112
1162228799297093632
1202162112136699906
1155534891116900352
1197046927218675713
1231792472675753984
1197125032314626048
1162325223678476288
1197227288867291137
1202133888300126209
1196603170287435776
1241014549609771008
1245639293831221248
1241102900367163392
1174544693973180418
1196439057838022656
1162343137957859329
1241211294751043590
1155382491387236352
1155394647176429568
1197216639646715904
1245641706852081666
1202027824141537280
1197863255064088583
1273369123028963328
1196415386142556160
1263686435925684224
1202186723666677761
1240882464798593025
1265873589619707904
1241064054065631235
1232019661195284481
1241237902992068609
1204473646648979456
1204297465240936448
1197538711229128705
1162413743545958400
1273289058802860032
1197546745842020353
1197503553922883588
1174554162685566977
1197380523787599873
1196497171350269953
1241220231135191041
1231913475145895938
1265976915480973314
1202017795480965125
1197466461872087041
1174500806382383106
1264578216846639104
1155374417746300930
1197090854969602048
1202059954338713600
1174655178638811138
1245603319877210112
1231779699413655552
1197205596157595648
1231932221541449728
1162229452383801347
1231999285585227779
1197014865522679808
1241072342505156608
1174588446473539584
1241038125960515584
1197089098378416128
1241005853022576642
1197290203473428481
1174520549302775810
1231356546736627712
1263770387978096640
1241108984263774208
1197068590597517312
1231367939158351872
1197542696065413120
1264527449364336643
1197140236838621184
1231804071163482113
1197030023389204480
1265843963547791363
1263802585288499201
1174630900476317697
1231838286676725761
1240903729634775041
1196352925452386304
1264486103240843264
1197361649079980032
1162486631682715651
1174531235181465600
1232001138209234949
1273615607762685962
1162235424032473089
1204475624854867968
1197052852453003264
1197182695098347520
1184524267230285824
1263712401288986627
1196644131700903937
1273317062488715264
1196505299689054210
1241023997309050881
1155570669767184384
1197014555777536001
1245440658141257729
1155534330350977024
1264509217756581888
1196413639231725568
1155415853598302208
1162279680440881153
1174671064850403329
1202237464297037826
1265954401392504832
1245538880574631936
1240942032635469824
1197420469277855744
1204470844258316288
1231836853399105536
1204496337284345856
1265830251172634627
1240916241398870016
1240938145031602176
1235145960252035074
1197371855868432384
1263818559110725633
1231819781428391938
1204270919016992770
1174680927055810560
1204219066619244545
1264423152894898180
1241210363951099904
1265840146991194112
1174573815608893440
1197436470618923008
1202183901671821313
1204448401108226050
1204329965430415361
1197019836624384000
1204294960402620418
1196487216710799360
1155539430570115073
1197020616961994752
1197179303622008832
1162255178109612033
1155592860005277697
1197020185649127424
1204318734753681408
1235056004284305415
1231986511798730754
1155383003218137088
1174514160312430592
1245408662312464384
1197812813806223362
1231805187733495808
1263803445607305216
1197483789359841285
1264544584798879744
1155310353346994177
1204337602054250497
1184537597244301314
1273449483141967874
1204464479120941056
1202056899610329089
1231354397998886914
1174556794443771904
1245391706628841472
1162427989520310272
1197756390909120512
1155548758890782720
1197380898183884807
1245537357534806017
1162390201303478272
1231855723195142145
1240843115004669952
1265844035954114561
1162445411912572928
1174592847225319424
1264484821205766145
1235201187508609024
1235126984403017728
1197511085659709440
1245563792022474752
1184483395570749440
1197365537891856384
1264449883056025600
1245591739877883905
1202193492694511616
1197819725889167360
1197212189268094976
1235088252425494529
1197174074843312133
1264522972917903361
1231793230963978242
1263709124723904513
1235157426262941697
1241060497652428801
1197544397447028737
1162319675147128832
1273509081551179776
1232053990168449024
1174654857216741377
1196617604552638465
1155456616961060864
1264530114144018433
1197903890785751040
1197479148815556610
1263781850851532800
1196409009114427392
1196620040730284033
1263645167220936707
1197185107846713345
1245604822704771072
1263683386142412803
1245566383603306496
1265881579102101505
1263678388679725056
1231387955694051328
1155291508507119617
1273278197422063616
1162302102917525504
1196639216500916224
1197065189176365057
1204357437840605185
1273456917726343180
1162260486605250560
1204309649257910272
1232018577869266944
1265829495585595395
1197336181123493888
1235172771828617216
1197190836305481729
1264484771750526981
1202014352301338624
1204287062704345088
1240900646418644993
1197798532398354432
1263795848598548481
1263831823135760385
1263594632992063488
1265968957124640769
1197626909619830784
1162390937831641088
1155413848159137792
1245588055676686336
1263811322497679361
1232005288640864257
1264560955792535553
1184514300053876737
1155575995983777792
1197113598671241217
1197041097547157504
1155384539738517504
1235179836639006720
1265814891228737537
1204356528179949569
1240974194503872514
1202077323278921730
1197847313605124096
1241224771225993218
1174513858024804352
1204246222657204224
1264444558659801089
1155293899713212416
1196522155233726464
1202117679986941952
1231929358488612864
1197439224959717376
1241209143698042881
1155230463813922816
1231815965459001344
1245638915630891009
1240850452033331200
1241236664204365825
1264556196612243456
1240926170314444801
1197872812414787584
1204298362591293440
1162447496762626048
1204222331821932547
1174500350985981953
1196638498910015489
1155334135369457664
1162283120399224832
1174520975662014465
1241202469327327234
1197092427376537601
1241044801375666181
1231854851136663552
1241214246186299394
1263584861417164800
1197760665181728768
1231988834436407296
1231851989409181697
1240994112649801728
1231387579783708672
1265876089026621442
1197051478529204224
1264449406004232192
1174525744963293184
1204253263975141376
1235062558760906754
1241237341101948930
1241059389055909889
1197351046634508288
1265859486578769921
1263804274661875712
1240852607956066304
1196468586405093376
1155449029586817024
1162480863642345473
1197715047553945600
1240853608641388550
1196500953631019008
1231912299994189833
1273519911910998016
1202129833804713984
1245556397007306752
1263670638620835841
1155294457270558720
1197861586150379520
1202186638555852804
1196960424006242306
1273585421990141952
1155442413810454528
1263691541132042241
1273435041666826242
1204485331900223488
1245599806132609025
1241105506275667968
1184469721548296192
1245560801248894976
1155586494679015427
1196995177182744577
1155243307095793664
1263666505943789568
1264470803254517761
1162374684286971904
1197069244128563201
1245528632484933633
1245601158170730496
1196336293434642433
1196472051109965825
1240926730682093570
1155382372344520706
1202107062873931776
1204459212014850048
1174556596464168962
1245627568650203137
1196984203302391809
1162373667956776962
1162501696922124288
1231916804055977985
1235043742438084608
1197396080197066752
1197322903739613184
1197094425672830976
1240902193638715393
1162327861920968704
1204265794982600705
1155355839168954368
1202159524616036352
1202092282847154176
1241223951189078016
1204352106334957568
1245389559401242626
1155572906249900040
1235105965617209344
1202239719268114433
1231959254661156864
1197717987459051520
1240915675490799617
1202098986993274886
1197571840983457797
1197155028970168325
1231955130037231619
1241060035855298563
1155367474512179201
1196637665954803713
1162268017079640065
1162508146046320646
1197360303975096320
1273319200472346624
1197777594902405121
1231846325697863681
1197838870974324737
1204385937272266752
1263638594272366592
1174516606107623424
1273308137962029056
1231843732976259073
1197004210967060481
1273620589140377601
1196529220480065541
1196993346792763392
1263697994051923968
1197325440005935104
1197354020677062658
1197808023122710528
1204302713842020354
1232016618244300806
1162265571846545408
1264440386518384640
1231987428187090944
1197681218650886144
1196372874937978881
1231784531369353217
1240861938118209536
1263774396704944133
1263835332216315904
1202119217576734720
1204213135973982208
1265893989464657921
1273476701603782657
1245557170202202115
1155353458112962561
1197179449546039298
1196622655765565447
1232028831529213954
1240959610250334208
1245595414218199040
1202208941494743040
1240859505237405696
1204216099476267009
1245636593622237184
1265886399548383238
1197456924893175810
1263813136756412416
1184524830512685056
1245589993579397123
1265872805884841984
1245628283376422912
1155463799010234368
1231849569484451840
1196519685551902721
1241214785179566080
1245585869081206790
1174456268729270272
1241207243179163648
1174571590404624389
1155419973587595266
1204308380451508224
1204290324954091520
1263688959575486464
1202186944756801537
1174602752904912896
1196441302554042369
1265855058236841989
1196449189997240328
1197420506216976384
1273538046156320768
1197052178738896899
1197888897474125831
1197412070679035904
1197393800672534529
1245630632467693568
1196506010581716992
1197043520948842496
1232028528918618112
1204323191067480064
1204391301170581505
1197579397173325824
1197016546222247938
1197015471817711616
1196578282000408576
1202001083733860352
1241238547438292994
1265870711949844481
1197366329566732289
1241229427016642563
1263846638944235525
1202162689847496705
1235174214023315456
1263825243384295429
1197254633640488960
1235107884465180672
1263602481097068544
1241225419606589441
1202050937885483009
1155245215499730945
1162179338038665217
1204325692449722368
1202216180301385729
1204306345773719552
1196590433746464768
1241149268326416384
1196387124137922560
1197286548292681729
1197020293379842048
1197591349933084672
1204349677476470784
1196340173530791937
1204344709281386498
1204333722880946177
1273497597399851008
1155554385428172800
1197880637056782336
1197642535633481728
1232023303285379072
1196651904929075203
1231963895188926464
1240894754432389121
1245482165346893824
1197635660804440066
1202165382360059904
1196402275742126080
1197762519252819968
1265984916195438593
1263785027483000834
1241220022770511872
1155494138441273345
1234988471007113216
1231907132913614848
1197886404304523265
1273485805969956864
1263687531163463682
1245626597220036608
1231789635757412353
1231973778566991873
1196404636766347264
1174638641001291776
1202083368474750977
1202088894260555776
1231344731625377792
1174530693709389825
1162321725842952192
1240822091865370625
1263848378703765504
1162539674411446280
1231941536729968642
1155284646348779520
1155516044955541504
1265845107741376513
1162281484423581697
1204392275943546881
1240928252446879746
1204392095261380610
1197842106984869888
1235133030328459265
1155316862844067840
1263824193503858688
1196539186700017671
1231773829069971456
1240915572877078528
1263787106217988096
1162244313369104384
1162248423745003520
1196312785514139649
1232068697457659908
1265924044291014656
1245567137927708674
1202210749860470784
1202209648922771457
1231382318276923392
1197084290061754368
1231835978446172160
1241109074768519174
1155391397178019841
1162184274759561222
1263691848922660864
1241222719775158279
1184557391255347200
1264495937310740480
1232010241883000832
1245624060035252225
1231961393529851905
1196503973538062339
1174662952529649664
1204408413075185664
1240861094845054976
1202093325387489280
1155416362493153280
1155457611933708289
1155484813974859782
1197120198903504896
1184526349450518528
1197839633251389440
1184534378090815488
1155450655571632128
1196368509762097152
1174526241703153664
1240893338762567680
1263801067231305734
1264536355951923201
1197406876016762880
1197487964458246150
1197019899379339264
1273505365196451841
1241221659434135553
1197497199925628928
1155596512308682753
1240895355736203264
1231882317972504576
1235116286100701184
1264526892570460160
1196317491233841154
1174676507219779586
1231823091858231297
1197254655186747392
1162479178580733952
1155242129016446976
1231823908111675392
1273417173839609856
1197349266928361472
1197370728678604800
1197713896901099520
1231880148875710464
1263752305968664576
1162486849639780352
1240919851922788352
1265951975356710912
1197806637920206848
1197834529894830080
1155403384851181569
1174572351813488640
1264443240431968256
1155222166989869057
1196563148196610054
1241230201771528193
1162332210671702017
1197814625586167808
1197389092360794113
1204405478316486657
1204206713496358912
1235132881325838336
1231870750484766725
1197331939667001344
1231808410938695681
1231354137817669632
1204248069480615944
1197431548615639040
1197278858631729152
1155448809041879040
1263703588167127040
1196628920545603584
1231848439908044800
1204329272510308352
1231842904114712576
1231837384339263493
1231849766704693248
1202173492940161025
1245472927308374016
1197446308149235712
1197414510878846976
1197039354104954881
1174573863201574912
1162226999663812608
1162500034300129282
1162317664079044608
1197588636943945734
1273375255533420555
1263756613783105537
1241184695674691584
1231864677984063488
1204350429032697856
1273608393257701377
1264454280141889536
1204299062515777537
1197801312827641856
1196997794680229890
1231784807169810432
1197629777147940864
1174469341485522944
1273603044635217920
1197906625094410240
1204343014807789568
1202138602475597829
1245405291497369603
1245613658438127617
1240909905902686208
1197487690113048576
1241228112182022145
1240891129190428672
1196363778914471938
1196460102187810816
1273592248240951297
1197234076807127041
1245605145020256256
1235101518627344384
1245589374168780802
1235015839377653760
1235129289973960704
1264520158862807041
1273550686592962560
1174552164561227777
1240896047993536512
1231853912275087360
1162226844160020480
1174575280792494080
1235093626574667778
1197674804075212800
1265942125826342912
1174453861328797696
1273307179773116416
1231864498178461701
1240931131480051712
1264516755268997122
1235117290405761025
1184527244347281408
1231835487419027456
1197201999969816576
1196386327530528769
1241023787723866113
1231389438309044226
1204236637535903744
1196386817190305792
1263828534390333440
1273569268735643657
1265972130388287489
1197435630428405760
1263754385735077889
1241006818135953408
1196563708022910977
1204287651534311424
1235241952678785024
1263650931394187268
1265852250569625602
1197192965938040837
1241241025017864192
1155230327234805766
1204343016879796224
1197247977024344070
1231341942648246272
1240993865877852160
1162230174940688388
1155313546332450816
1197039235095617537
1264411528742264832
1245457085258772480
1202090117176930304
1245572810379890690
1174520980544376834
1231954389847486464
1155482762335461377
1204233233245843456
1155579856354193408
1197711578176483328
1196614768490094593
1202052295636275200
1197517518539235328
1197896870426624000
1235114269001125893
1241046431168974850
1196407859539394561
1162383268626350088
1232083329203212288
1197158277139828737
1197142504480628738
1196389088410177536
1202120673629528065
1174522951116439552
1197051456345509888
1264434710995849216
1184486871256227841
1202076106951663616
1245599031767658499
1263665786222260230
1196405067852595201
1263795943989706752
1196612626022883328
1196624296178667525
1196312327584387072
1202053679991476230
1264464635362566146
1234986948592201729
1197855788502376449
1174635112316559360
1196388276514566147
1240879208190087169
1273546334256025600
1245435612217425920
1197468137282625536
1162268999595413506
1263822076684537856
1235159950164447234
1231925295449550848
1197500783916400640
1197509109723127808
1174679642860638208
1264465054398889984
1245557427409424385
1231774270910496768
1202054082262970368
1197067821123088384
1240904444046385152
1264404204258504704
1197152439281111040
1197830403505246209
1264482127917264897
1235193737145446401
1197380595090722818
1231815037473476613
1197052102113185792
1197863367333097485
1162186999886839808
1197743990063476736
1184548836506849280
1232034183167594501
1240853012228300806
1232027494032846848
1197027739041222656
1231957682367664128
1204391836346933248
1241190461999636481
1197590024784633859
1202150854175932416
1197674285013225473
1231905822323740673
1245422518246113280
1202105309201866752
1162285400783638529
1174561042317418496
1197485132522938368
1196346590564360192
1197503678669832192
1204226889109458944
1245600768951857153
1264436874925551616
1245595125637505030
1197724449585291264
1245634843452379136
1245609544652222464
1265889655196614656
1264443815856869376
1202117591831121920
1240894820127846400
1232009683868753928
1197630441483907072
1263692887444918272
1184522046228848640
1231962790820057088
1231776979948654592
1263706789549412352
1197886445412708352
1155590290561892352
1197404504351739904
1202056983479771138
1273474239300075522
1174544611152420865
1202241025290522629
1264554503807873029
1235062194301100032
1264562798476111873
1235236782683324416
1240829584754556929
1201994078373711872
1197089949410947072
1232001847818366976
1162267146673463297
1245508694328184832
1196603995348963328
1155495730360061953
1155595225802432512
1197400044149891073
1231911495547654144
1265935820822687744
1155478070704431104
1197879207478616064
1231887814377299968
1273447150370861056
1202127783389908992
1264446427649978368
1231876345358979072
1197808827854254080
1204422014762655744
1197650181316964352
1245485790106451968
1196442972319092736
1197504395539361792
1197760327397457920
1245632600535785472
1197140975111548928
1231913943876145152
1235022092124315649
1240905840845926400
1235113573375827969
1197889692449927168
1204492558619086850
1174613817151709184
1265838330283003907
1231979727453327360
1196544441072283648
1263762844526379008
1162461243455807494
1197382584029847553
1231831026386821120
1197909363836502018
1174657892235923457
1197508850259128320
1196595527720275968
1204280364077735942
1245427661263929345
1202162893774393344
1204301288307073024
1162528680930893824
1204473566785343490
1263854236380680192
1241229441357041665
1204318334306664449
1155442853008596993
1197442010719883264
1155400929107050496
1231857717943422976
1204413117666484224
1245631365481025536
1204209757453799430
1241183825775996928
1197753560055857154
1204251969990397952
1273534086792065024
1196326601983758338
1162266941983096835
1204291143913086983
1240880557157830657
1197068677687808001
1162182197555662848
1204275775718985729
1273491452077752321
1265818084356603905
1273589198004551680
1204238592052064256
1197168214586920961
1273576369235070980
1197748104809725953
1231898708129800200
1196467916163694592
1162248767849951233
1265993054734909440
1245581818629246977
1231994500605763584
1231376475036758016
1197604502150483973
1263826690259615744
1197457202384179200
1197737991269163008
1265880830720774144
1240892317218684933
1197218717299597312
1264405320836829184
1162184216899178496
1263763056133312513
1264427655945842689
1240827037029470208
1245613721239433220
1174453673319006208
1155451556151595008
1240888755021545472
1273529475842572290
1174639930183737344
1174559811796705280
1196649562590646273
1204366458899185665
1265949104988971008
1235147905889169408
1245624151533969410
1197521221728063489
1162374204466946048
1265868177722036224
1264489828227350528
1155222781480636416
1202067205531324422
1263714082198360065
1197316196481339393
1263806187742560257
1162249155923726337