id_str
1197071041312501760
1265921303896182784
1231875427712393217
1231875427712393217
1231871555396919297
1197261377209085953
1204346095226281984
1263797789982691329
1265918430558990336
1184526733741047808
1264582791779561473
1196328250512936960
1155445469763579904
1231890048565567488
1231890048565567488
1162254479514689537
1231995318981529602
1196499896691494914
1263600142088900608
1162438776448258048
1264527775362408448
1196357042564485120
1197389122693935105
1232028543594295296
1232028543594295296
1155418131290103809
1231355213497405440
1245387185584562176
1265948793255727104
1174665314874863617
1155381194030309376
1273582555116253189
1155498601042370561
1231893097379921921
1231893097379921921
1184497070960529410
1162404712668368896
1196378168153776128
1241036548197548034
1231364281209245696
1245606740093067264
1231946130176405506
1231946130176405506
1196360047284105216
1273332627152556034
1162386119889162241
1197888920417132544
1240976792904744961
1204429861894393856
1273355086752866305
1264478693411491842
1235269680912314368
1264484383572049920
1196544779691134977
1162327716302970881
1245410906101690368
1197894543401725953
1263732812114538501
1241122089274400769
1197279241701875712
1245393943254175744
1196324046608183296
1197889825577287681
1196449467370803202
1240906279423545344
1263728763902193664
1265912868739911680
1174635601590652928
1232073635613073408
1197578458844540928
1241099604223045632
1232013131427319810
1232013131427319810
1235126686401822723
1197643045564567554
1263795719137382400
1197165607608897536
1197676428940197888
1264568644329074690
1196329670129672192
1155549796913913856
1264546639559249920
1240869882922782721
1197230425720152064
1231901007686389763
1232057080233779205
1231344323624677377
1265964678825627648
1273517120639373314
1273295710931353600
1245609299876831232
1197187513913360390
1197877769390166016
1196534482926473217
1232042459988987906
1231939932077338624
1231939932077338624
1174571879690100736
1204343807132614656
1155240420546424832
1202239264777494529
1155538949785444352
1235153605184892928
1235224442948771843
1197772436730777604
1197230712971309056
1162438089467473924
1204461768816373763
1162306183534981120
1240978900055986176
1235108096055234565
1202223334223536128
1245444706496122880
1184570372240367620
1197219116043702272
1204295979937280000
1155546263955419137
1235266006160990208
1174603994666323968
1241038911910133762
1155590874845372416
1196569823234396160
1197251080243073025
1197244783695192064
1174642233116626945
1155491921818771457
1155552439178862593
1265921165832400897
1232024230453239808
1232024230453239808
1184562435895779330
1231930186268061698
1162306217890459649
1197103142527283200
1204333226719940608
1240897499088531457
1202196042084691975
1245398216318779395
1197526064660127747
1155533019689754624
1241056251905179649
1265949952515215360
1196536939022888962
1273294675068231682
1265927225968332800
1231855392189276160
1231855392189276160
1235241243547967488
1155426188363522054
1240916902345654272
1241164175654739970
1231954592285458432
1263723463392493568
1235240931147878401
1174452863453585408
1232051440698449923
1155588149873188866
1263725349168459776
1264604257094950921
1204333723581329413
1162452895268311040
1202236144488009728
1197183735109738497
1265902976234913793
1231973555832750084
1241075599919194113
1235269475919790080
1155518032510443525
1197051557885497344
1162454758105350144
1197588699145527297
1196451387116326912
1197587390237417472
1245454983300079618
1240914266464628736
1273319444199202819
1240991080117612544
1273553492750340097
1241162749654306816
1155529534499893248
1196517374951919616
1231836648045993985
1231836648045993985
1202172861189906433
1197248396123353088
1204321324723818497
1273549874148106241
1197896727283589121
1196535573424623617
1264472231813566469
1235162531611791360
1273313246951493639
1197099858055835648
1197628005595652111
1197417733429719043
1197650575111970822
1196475623331573761
1273604918792925185
1273530831852769281
1263764809440546817
1232020399426351104
1231843102186405888
1240925823105937409
1174653245106601984
1231874808708771842
1155426636327616512
1197423028851875840
1197069153401790465
1240952270440857602
1204444673227546629
1202234007687237632
1273295005365555205
1155480144481570816
1245632879968702466
1231347860173729793
1184553669083226118
1263840998733594627
1202098925060206593
1263788980165922817
1197473656584232960
1265961233833963520
1204443673393614849
1235106075776552960
1155416810424061954
1155574463846670336
1231961777430319105
1231979413547470848
1245486179295932418
1264463959123529729
1155418931223359488
1241144560711057408
1240968754298830849
1264520913200066560
1197222136030646272
1231975542980780032
1231975542980780032
1202015117262635008
1241237657629401088
1264481325152641024
1197233527949058056
1245488807442604033
1235210252083253248
1231902307786403841
1231902307786403841
1235106412998479872
1155562771733536768
1245446644440666112
1240912330134900747
1263787359847485441
1162323019026632704
1201989815815868416
1273526082893996032
1197620283294834690
1155602759418335232
1174569826691551232
1196430005347258368
1155558226198503425
1197431873930174464
1264604224593309696
1184542346958032897
1231952885283467265
1231952885283467265
1184503108262645761
1174572821600768002
1197870475143254016
1264501468440248320
1162270363922780160
1197556816911028226
1162272862373158912
1162306247883939840
1264567118869266437
1232066722745765891
1197204793745444864
1263861032189145091
1232008764435435525
1232008764435435525
1197454200533377025
1240898919690838018
1196408982467952640
1155456247476477952
1234992719602176001
1174610641736404993
1241071447696715778
1184557762845515776
1264472018638065665
1204493093921275905
1263725882742620160
1155554870251982853
1174597667617431553
1162325627522994176
1232033681814048769
1232033681814048769
1162291559963987968
1197537723915087874
1235267587778412545
1196526427967041539
1155542096767590401
1245495578802479104
1263792775054712832
1197454603664662528
1235252077280010241
1162392943812128768
1184489375268311040
1231908702724263936
1231908702724263936
1197062463348494337
1196562568950812672
1231855886227865605
1231855886227865605
1196354695494852608
1241044688259383302
1202159427371065344
1197321623839346688
1263779121080995841
1240930001018642434
1155458217889030146
1273541974323273731
1204480682095005696
1231840447720542208
1196458242467074050
1231946114754056192
1264532508324093952
1197233934863675392
1235202794744766464
1245629232320897031
1197200462778376192
1264471070876282881
1245413796128133121
1197838479524323328
1264599408370425856
1155396224972939264
1263767089816403969
1155422444993294336
1197652049980211201
1204293617491288069
1273326110563086337
1197543597144518661
1231975253817032704
1231975253817032704
1231912601124319237
1197025615708409858
1196550853622206465
1196432343222956033
1241084522977992704
1204379019707342849
1155455785243222017
1241092181542256642
1232063278538469378
1197562450331222017
1231977099478564870
1231977099478564870
1197147303112511488
1197839674426957829
1155217574059270147
1197238619464974337
1197794817369096192
1204450536268931073
1184576227811778561
1245381904146317312
1184544149984468992
1273413199661015040
1245384510302236678
1273335780799324173
1241161591342747648
1231981864426053639
1162436113308573698
1240913730478714880
1231830489721376769
1273343555453493254
1263817269186043904
1232051111168790529
1245637111895605254
1264403729454899200
1240875889228988417
1155475771714134017
1197515012912357376
1184494603392737280
1273354215050665984
1155565316312842241
1263699004556279809
1197887296588206080
1263729590561902592
1240946588178173958
1264512560067416064
1273330565299818497
1197630743951921152
1196317335428227072
1197615276021473280
1197091549227687938
1184556879780945920
1197245390699016192
1155226894591254529
1235269462951108608
1263601812080332801
1264488098613862402
1197295958280876032
1240986201974243329
1231912283812528128
1231912283812528128
1231830202130587649
1264593246543642625
1241013826822254592
1245614617427996672
1263736909001564160
1263711197406261248
1197578386316681217
1235118689457819650
1197102059805462535
1184465230975426560
1273375768073175040
1197447468633473024
1162349416617000960
1197084443246120960
1264495311818559488
1196524494623522816
1265986598736445446
1231977122274607104
1231977122274607104
1245529145519595520
1263742486368989184
1184467986733768704
1196519647438409731
1204272018100756480
1197885270848417792
1265942050953998337
1240960549573275648
1201991751675908098
1184547233288597505
1197048769281429504
1264600634914988033
1264425149379547136
1264468028881883136
1265985135821938689
1204351309710843906
1162305470746570753
1240937384616833024
1197580221576294401
1197648104792743936
1174584795915067392
1273506699450748928
1264501044895256576
1273348135516082176
1273517013210718209
1264492928459780096
1197236257610440704
1196583086730940423
1204481734898847747
1204490684767584263
1245498398502985730
1264537559322984450
1273345942650060803
1263719749118238720
1273277467755786241
1265913166153895936
1265987386602917893
1197447587692978176
1197589192483758080
1264577505207422978
1241027965485547520
1235147475780079617
1155431475703099392
1241082735705370625
1263774863354986502
1162344093227184130
1155551191457325058
1245609478654812166
1232065336981229569
1273543323156918272
1231871899938050049
1231871899938050049
1245382081313746951
1197051264472879104
1265989341630914560
1264545580807790592
1155430431929458688
1196466931412262912
1197444815832723458
1231888295455531008
1231888295455531008
1273339207587676164
1235145575697395712
1245423840194428935
1232003492425936896
1232003492425936896
1235159289985105921
1197609505191841792
1196407871447195649
1245482268832993280
1263743501361123328
1273501559930920960
1231926347213287424
1174636704994660353
1197544583346970625
1263760864328507392
1245438429673984007
1197148631377334275
1231886582413545473
1245634286989934592
1197204589533171712
1196450161008005120
1231969708020305922
1202188072928055296
1232035639807352832
1263840167934263299
1196478750315155461
1265958862181535745
1197774796584566784
1155251860921602048
1184538162279997445
1235108182264967169
1232005368420732930
1155440222890577920
1273307734885183489
1196541411631542277
1196353196807147520
1174608914438074368
1264538164141662209
1162265550786924544
1197502391756763138
1263856789050863618
1263783577331945472
1174629357798789120
1231979013943549955
1231979013943549955
1232044532243533826
1196469341400784898
1264567381239762944
1264503818982690818
1245616225884893184
1184568213402767360
1174587386338205696
1162246208552783872
1263770735824252933
1231936449647386626
1231936449647386626
1264573334613868544
1174579401192853505
1174508790563180545
1204456144959365120
1241023811073564672
1231880670542278656
1231880670542278656
1273559878599147523
1197116422218035201
1273371148990939137
1263782245640404993
1231360529286955008
1184517186251046912
1155582582773469185
1273331786572075017
1273352285435899911
1264515688049315841
1202179382699315201
1196546482226302976
1162427459368869888
1231860969242087424
1231860969242087424
1245420985760788480
1174657940764200961
1240902949213257728
1264557319679021057
1162431794131668994
1245444336843620360
1174578418471571456
1204489289788252163
1231960807652691970
1231960807652691970
1162511272992215043
1231975949278863362
1273417431558557696
1241096593572532225
1263766315522818048
1231947106358845440
1231947106358845440
1231850814580367360
1231850814580367360
1204350450893545473
1235154615676608512
1155515725899010048
1265976366333415424
1196494305986265088
1162467645867868160
1162416695484588032
1235125163085172737
1197246692296462336
1273321727783829505
1245412137511550976
1202181118935666689
1264604442625806337
1232060047066353665
1265982247431176192
1240931951940448257
1264604454105559040
1204485161380909061
1245405711879847936
1155367472817725440
1245439250356723719
1273555462198304774
1196560842130677781
1162488846023442432
1202149215390117888
1184576893431046144
1265896896964501504
1263804540329046016
1245393887851614213
1204436182232256512
1232024073938624514
1232024073938624514
1265968412460810242
1273512960560893952
1162512100415201281
1197140861894746112
1273339419924336643
1245440605603446785
1196317672000163846
1245419524800872449
1231985386517389313
1273574985043492864
1196434582238879745
1174615482453942277
1273376413832413185
1197082043760435205
1155559373126737926
1196360438331723777
1196496280387772416
1162286800112517120
1264490508887511040
1240912911943467009
1273330342838046727
1263789053121400833
1231902214563782656
1231902214563782656
1232070046547087365
1197863334588145669
1204477528661995528
1235214815427276801
1235182086664802304
1263720509423988737
1231840180375605248
1196410653000577026
1202220238735101955
1231930378467729408
1231996831791505408
1231996831791505408
1245467543936122882
1196516046473183237
1197234890292502528
1263786175363416064
1204357806884818944
1155464218046545920
1155397380403007488
1155515293671809024
1231987434851717128
1231987434851717128
1202168377600401408
1245453020604874758
1155406106023342081
1263703055284998144
1196555517084065792
1232053499049005056
1273335785702514688
1197215948228444160
1197066632151158784
1231998796059611137
1231998796059611137
1197490508454604800
1232057713841979392
1197241771455057922
1245396942760394754
1273286713704579072
1235111503910416385
1241153275082268672
1264589196267859969
1204403552304746496
1197157802508259328
1196603177539395584
1155293404483457024
1155410641269796864
1155483825872547840
1155452164048871425
1162519051761070082
1197619386720370689
1264523656576880645
1174608115800649729
1240924335122063360
1265962921072435203
1197581952372621313
1273580284127203334
1232005064639864834
1232005064639864834
1240927828838940672
1235127597593505792
1265994924354351105
1197278550405132288
1231856144907427840
1273300835821387776
1197849497340125184
1240933727099813888
1155417869141925888
1162404889567387648
1235114138910642176
1265915863481421827
1204335543380840449
1240930271702245376
1245377963648000000
1162501224387813377
1204478885469081608
1197058532891414533
1204472614200188929
1265965157248876544
1184476844357246976
1197444931490664448
1273343477322055682
1231990251733778434
1231990251733778434
1234986331064811521
1264535775749836801
1196554681453027328
1204414880570167297
1196536271323181056
1241120312764358656
1265926713667735553
1202078238845128705
1197614341245280263
1265957373786689536
1197286699778428930
1184536617379422208
1197182213688905728
1231896032180609025
1231896032180609025
1240970919989968897
1273339602250719232
1196492405769461760
1231877316793511936
1174600557463592961
1231889606683058177
1231889606683058177
1241025263934242816
1273330206481268739
1273520679330238471
1235123752423305216
1241052847606771716
1197096500616204289
1232051804655017984
1197231120535957504
1174597032448876544
1197494928810631168
1264470515101687809
1232072842747011072
1201986226892484608
1264541285878312960
1245626677104803841
1231869104212135936
1231869104212135936
1162280055524827138
1197526183510003718
1264472562899324928
1184486107926409217
1174652229867003905
1235104771612086272
1231348746794995718
1162416903928918017
1265975004564541441
1202031218969239552
1197147757246582784
1204389625235755008
1231994386734604288
1197506660228571136
1232065309261037570
1197512801880809472
1197058696804782080
1273301900805406725
1240913694789419009
1263606317966675972
1155216924076326912
1231376907612147713
1265963008301334528
1245449913900597251
1197244172983558144
1265961275206635520
1245472611506835457
1162351355601805312
1265965432458096641
1155418257068892161
1197859034562473985
1273313188789071874
1265952700224745474
1241113493442646019
1197463353326784512
1204302128669323264
1264610370238459908
1265964183801266176
1197189069698191360
1204355963261730816
1265957786611003392
1231868918383378432
1231868918383378432
1196436651062497280
1273352654270476290
1264509238879178754
1263761966969094145
1264570123656052736
1241017938041339909
1184467400370073600
1241063294225526785
1162434917181153280
1162380286526541824
1241109269392560130
1155456207605231618
1155430549672083456
1245404480130166788
1184482562674167810
1273363160892833798
1197607669072384004
1264532661332316160
1241017649062125570
1197459452452130816
1201987866487853056
1231883364900200449
1231883364900200449
1155363642411405312
1232045062101573632
1231998999856648193
1231998999856648193
1162317021478031360
1162480315480150016
1241111105583243265
1235044564475539456
1265929553832226816
1265937523420860417
1245598452425183234
1197608773549989888
1184538284137111559
1245411261376016385
1197436722692403200
1202180181512900608
1263592426272219136
1263847089076932610
1174542094960144384
1232033907232661505
1202201678851846146
1264503377922228224
1204371694099587073
1197235549481979906
1273521235138396162
1273295716484550656
1245612641873088513
1240915560159940615
1202185967135682560
1204472169910226945
1231361419519631364
1197088557371928576
1264441033250701312
1235121720626786305
1196338283749552128
1245459633206149124
1162317699822882816
1162355809155571712
1197282717613875207
1240932961404542979
1273286405494579200
1265931388911566853
1155424116926832640
1245631439606968323
1265915898038190080
1273552532774813696
1197243962433720320
1232067427426611202
1196340914203119616
1174566587761909760
1265973910639644674
1155445989328728064
1241005169870921728
1273277526593417217
1197884316514181121
1264466742170071041
1155514876212764672
1202221396295913472
1264495953916166144
1155290447117504514
1240970999996317700
1155418801724448768
1197852471239929856
1245420976482988032
1264539280312905729
1263585000307355651
1197213667722485761
1273522094639325186
1245621955467694237
1240930750737911808
1273336380999884800
1232007092745244674
1232007092745244674
1162384897195094016
1231837383978516481
1231837383978516481
1162250054968569856
1184551788235710465
1162259347805573120
1204369776589627392
1197275275907805187
1273354109605855232
1202001834912681986
1245512719832354816
1263584159190024198
1264486736270327810
1273483555314765824
1204475366204755969
1196496643589378048
1155566719886385153
1264605692968787968
1263755260113420293
1231819560279576577
1231819560279576577
1162240347948236801
1155423336597524485
1155409986731806720
1273340541871239168
1204429974150746114
1231875906702073857
1231875906702073857
1196423199833120768
1196403258396434432
1197135921067544576
1155264789481959424
1155523308055597056
1235125033728651269
1264483958345142274
1264597727616401408
1273573169123733504
1273530204833677317
1240910812623122432
1197790176585621504
1202190595734876160
1231989110438551554
1231989110438551554
1197021386440683520
1231902205927657473
1231902205927657473
1196425573427482625
1273532696778735617
1241132094107062273
1240983652055449600
1197785757089501184
1202101123810811905
1273617331739152387
1235172737334697984
1263581843204407296
1245457431712477188
1241024150250102793
1162482822835294208
1240935203201257473
1155405445919436800
1263590068263903232
1245407795832393731
1263716576232169473
1202233845879316481
1197191380696780800
1263767889053704193
1245607527472984071
1196526975671840776
1265906917551083520
1204306075350130689
1162486079544582144
1231906483979325440
1197766884256600064
1197297742856572929
1263799884857171973
1155497585257459717
1245394454489509889
1263856937659248640
1155235879436398592
1155594072331116552
1155463920234192897
1273356798393802754
1197077810340417536
1231928484093669379
1232020004880683009
1232020004880683009
1264479480736821248
1231840283580620800
1231892638321827840
1231892638321827840
1231916588208664576
1204395415241670656
1263835770181300225
1197641078108758016
1265872756421394432
1155211845365633024
1162300083414560768
1241054712994160641
1155501656974462976
1155368248478769152
1196613852634451969
1240962766749536257
1240906270632292352
1162408569809113089
1204477466322120704
1273287423112478721
1184521532799762432
1240895234915143680
1265992454433628161
1155241997696786433
1197665126867849217
1265975199264116738
1245641582495141889
1197833792095956992
1241094550137057280
1184551204497580032
1273358084979789836
1241106220217511939
1264521414528454656
1162423134068379649
1273373678328315908
1197525461225672705
1264587452745953281
1231893446715203585
1231893446715203585
1231945852043845639
1196425133407137792
1232055113289732098
1174643425418911744
1197401980601286656
1245607331871600640
1197425697687511040
1231923340585111552
1155534920615440390
1273286290113531913
1197818521029414912
1197283363167576064
1174620343325089792
1273526013956247552
1273312886081884164
1241155193087176709
1241031486012362755
1245383902132408321
1196339190402834433
1162495275321253888
1235105894804770816
1245463669187756032
1240995628106297346
1197444720252854272
1235253868046561281
1202010287223844864
1265964485925384192
1231340773590745089
1241079190369251329
1263825887629316098
1202192924253003776
1241002095920254977
1162502406430744576
1197049174077902853
1196438904108453890
1196413430019903491
1245641505265467397
1245418520986505217
1273294029082497027
1263742849016889344
1245403095561011208
1264529076355727365
1245462353606512642
1197574284681584641
1264583786555232256
1155565967835107328
1273305598050930689
1231358727686586369
1155240818644410368
1265928402109947904
1241117330127704070
1264441749100990464
1273340032389087232
1231903565133774848
1231903565133774848
1231974685094666243
1231974685094666243
1197801231483318274
1197853000364122112
1240910385462591488
1263720606232649729
1232020702527705088
1273574438278238208
1197883738258059264
1197194990763552768
1263823629688754176
1197245093494833152
1263730029814571010
1235121690499338240
1235231778878738438
1235181148449492992
1264555608579211264
1232046065777426433
1197803981797502976
1196543645631045632
1197066985386983424
1264510682550108166
1273310102423056386
1264411015669743617
1232019948601532419
1232019948601532419
1245457734750830601
1263758553594171392
1240937007251107846
1241109579787726849
1155431067660234752
1264498808559472640
1232015322347163648
1235167157694144520
1241079064175226880
1162412954857418752
1263817392922275842
1184471597438115840
1231960239810977792
1231960239810977792
1263596735621824514
1263803889628975106
1196353655806603265
1263709436666839042
1204457260820434946
1273355336670498816
1241066289260630017
1273310585476784136
1162488491927908353
1273344981089030147
1162318324186984448
1197595204519440384
1196428287628759040
1162498609272647681
1197268610009489409
1231969413643063302
1231969413643063302
1162396114898825223
1204459360627376129
1162234384742699008
1263852608223088645
1197844451906985984
1174675030074150913
1240924517171712003
1263785325844926464
1264503020357812224
1197637543438798848
1204350899138826243
1162338301182976001
1197208419784114176
1204417316982640640
1155536132341424128
1240905249499512832
1197506521892081668
1197557229437804549
1232027145691684864
1232027145691684864
1162388106483589120
1196511478729322501
1202181559857627136
1196367813134426112
1241142797920542720
1155480033915559937
1197280787617452038
1155435437290336257
1245440873745301510
1245421306838908931
1263827556987539456
1265934008371863552
1196379819140960256
1265900138167521285
1197269927993991169
1231926201914138624
1231926201914138624
1232028000457297920
1162391888827019264
1235163960485261312
1231843214119833602
1184533159934877697
1202111405895409666
1265958527450873857
1197193813707636737
1264597118116864001
1197164060309118981
1197786512328470528
1231884848098349057
1265921575574011905
1162334212655132672
1202188651184214016
1197220390931709953
1202179382523179008
1155647761334853636
1231333192780668930
1264515710073688064
1235122193664630784
1231908910707232770
1263789701779148800
1204333552554381312
1202004577182273542
1232032009033265155
1232032009033265155
1196393257347043329
1245397326874791936
1204464134798151683
1265954431700545537
1232029672625655811
1232029672625655811
1245641636203266055
1204460027010015233
1155511471729762306
1245382482607968256
1240983742136508417
1202145850505478144
1273590694842707968
1241183226615549953
1197816781760614401
1232066438447476736
1162276159620468737
1235258328135147525
1197418644176867328
1197036057046503424
1263588401275498498
1162318656656805895
1196317564579799041
1232089732856926208
1155550973579988993
1204317245993820160
1155573044712226818
1196548374331346950
1155533468425760771
1202177791548121089
1264507159137615873
1263795408670797826
1196381149632847873
1155484066508156928
1162360407283195906
1184531777236459520
1264485128702767104
1162257327396806657
1240900258965737473
1174675753033699328
1162291442607382529
1197890555155378178
1162244549428727809
1196416773253476353
1264569181137240066
1197850655454613504
1245397825543909378
1155357214573334531
1245632654180929536
1155430314174554113
1245632029418344457
1232046136174825478
1273600713432670210
1197622862619779084
1174680790975864832
1197811760150921217
1174573936027340801
1204388160391782400
1264474408455897090
1197577564925108224
1196325390589014016
1174655035965366272
1273616694880153600
1155486273232093185
1196346742335311872
1231838005293395969
1231838005293395969
1197280440303935488
1197644632450125824
1197268465729572865
1240937091279683586
1204455562114740224
1204389515655368720
1162292459977760768
1197291718107893760
1235258832374370305
1197430706361831424
1155480017230553088
1232022679135363072
1232022679135363072
1245641332103606279
1273376095060914176
1231958509819920385
1273526358879207424
1197594487033339904
1263847761935564801
1241021514155282433
1155558860347838468
1197071791795163137
1245393817634775040
1273517688191700993
1197129676021477376
1155479234095308801
1245621008536465409
1202195813004464128
1263774751744561152
1202002938157293572
1273370601097441286
1245448045283684355
1196522823243706373
1155442821131882496
1196542645868343297
1241007959800524800
1231854183579607040
1264559402331394052
1263826451079585793
1196487946297319425
1197553013029834752
1174681413561585664
1273568377974542336
1174614760819744768
1197617650156916737
1184533226452336642
1265938395802501121
1196573308021596160
1273397847447285762
1273587219303981057
1232001118537945088
1201998886988079104
1240920560864985089
1155405468623409152
1264510099751604224
1264454950786080768
1231349541405896704
1265994113922498560
1202139118047813632
1231944700380303360
1196384470062026752
1155391231142350849
1197606748946874369
1197104607505342464
1273533761381163008
1197255763279962112
1162376625851420672
1197243233706872835
1245375453348716544
1184481536466391041
1162248977447702529
1265909431621083137
1196467712656064512
1174583757325647872
1162316568661020672
1263598482188713985
1201986199159803908
1264525367076929536
1245626738907832324
1196402163976720385
1241130887758127108
1241046681749200897
1155570396852305920
1197208164166504449
1240960003382677504
1197277310430396416
1232027048635400194
1232027048635400194
1235255967752781824
1273287142240923649
1264612306123620357
1197241829550415872
1231940586455928833
1196484240336134146
1204470276274167808
1241085733974290433
1245468113468116993
1264460127471636486
1240898772319813632
1204327807926620160
1245518379831746568
1155380026696712192
1231941409269329920
1231941409269329920
1241096743456047104
1265921064674172928
1196476665578360835
1202153702322298886
1234998910218727424
1196366852362035200
1245394915594514433
1162450870765850630
1202129607861919744
1162453236470734850
1197836547355267072
1245444825530408960
1241109797463875590
1197174622447378432
1155514723766587392
1155418017188241408
1196547091339890690
1273529387598692353
1204495905946251264
1231930244065525768
1231930244065525768
1231886094158979072
1231886094158979072
1197249137844064256
1241109916506603523
1174656780095414272
1241033745332875266
1155582557276299264
1155620525772816384
1241199563228266498
1184540840439566336
1235173853418180615
1231891424930652160
1196352830963146752
1240958871641952262
1265915534132076549
1273529345945018368
1197253942142492676
1155436205502337024
1184561213415546880
1264558364924805129
1245424653780353024
1245596981407281158
1231955566521671680
1231955566521671680
1263794054418006023
1273370556759449600
1197818403492368384
1231929221527764992
1231929221527764992
1264487335229562880
1196546610580328449
1197071660635037696
1204379048241172480
1232046185642418177
1232016642730856452
1155397934718083072
1265879636640235522
1273521140540071936
1155404797018853376
1232013132777840640
1232013132777840640
1184560698975756288
1155531339506049024
1197055867046318080
1162344599857315847
1196327029211324416
1235212923611615237
1196414140950163458
1197801862671589376
1197401389212798976
1197436076224323585
1162496637446631426
1162462666729955329
1162405967381721089
1235164747210854401
1174581136472903680
1263854147788513280
1240896936825065473
1241060068155629568
1155444361049583616
1184575236794130433
1232070334758735873
1273326072705228800
1264591938365390848
1263604597748269061
1196509199448059906
1204347649580847105
1263727507741855746
1273311540851212293
1155345207904362496
1184485511307632640
1204370655451504640
1245444199849263104
1273580229546708992
1263809266781245440
1197054441788182530
1265906480152264706
1264462947956523010
1155433307452182529
1162491751409627139
1202222532490743808
1245438857300115457
1235114999967879168
1245393895544020992
1263696247145275396
1197406374046646272
1184564170919940097
1264482179570118669
1265949144230887426
1263707423564595200
1174592761229729792
1235247375616299009
1240810278851358727
1240810278851358727
1155553164524957699
1273581095855050752
1235121130903457792
1162412944602406912
1245449644991283201
1232029367959785475
1232029367959785475
1174614192005013509
1232050684696125440
1204485904833896455
1232079030058397696
1264541045783699456
1265931432045748224
1231358112667521024
1204410792394645504
1197435418796548096
1232000859703304195
1232000859703304195
1273579336445157379
1204465823391375361
1241075001920557061
1263812888952745985
1196540435218472961
1231868134434451459
1231868134434451459
1265984249850707968
1162302808546271232
1232030225212592128
1263651077720662017
1241153169016664064
1265928159742038016
1174608933522214912
1264449710573735939
1204447314900901888
1232046533455106054
1231852358105214976
1197561733537320960
1273512539155050496
1196574266839511047
1196532422227181568
1245627607871148032
1197510381528203264
1231979933850882049
1231979933850882049
1273374043278696448
1162496883119546369
1196545386586005505
1241116989785071617
1174612712942424064
1264482782111248384
1162401615623663616
1231344757860904960
1162484620824367106
1202110278063837184
1232051903854452737
1197655814540005377
1162258580415733762
1155570356314415106
1232015790066585600
1232015790066585600
1197834656982458368
1162483988453371904
1174591835626463232
1204451610786779136
1273569903950381057
1184522558617673729
1204370330812325888
1197847830939029505
1264614014350495745
1197443617331306496
1231979795044536320
1240915316835844097
1241057541288800256
1232070180404113408
1197103817172692992
1197566086352384001
1245644595800576002
1197295542520426501
1273543615302766594
1204487891621163008
1245422304164827141
1174659473153187846
1245445726559244294
1240960193560797184
1265931647775649799
1273296266135515140
1264539905813856256
1155488902356045824
1174614793724026881
1197887507272290305
1174624356481294336
1197826194906894336
1197790685237252097
1197865902873731073
1204325789526843392
1162462355319644160
1245384067132030981
1265929276056113154
1204318794405031937
1162445318379716608
1264538817480048640
1196551057213661189
1155423712323072000
1264471064186363906
1204331096495640576
1245623282256072706
1263757602456055808
1235154732735397888
1155601440561389568
1265905209114591245
1231850034599211008
1231850034599211008
1245440673270108161
1174565665358909440
1245605099415560193
1245381236824117248
1245428656496881664
1265951913742422016
1273358323673333761
1197077410602242049
1245415244337479682
1197501811810340864
1155516276053348353
1155452753776402437
1197107610362753025
1196403624106188800
1204327874477641728
1231867003469733888
1231867003469733888
1232024968461979648
1245418936193167366
1264577409438879744
1235254551483121664
1155373630781644800
1231920459077373952
1231920459077373952
1202127709591212032
1241108453436817409
1240909397615882242
1264545546833985538
1204428105970016256
1155229361013964802
1197866682578026497
1231941688840671232
1245627227531644929
1245470103212302340
1245386779017932801
1240926453304381441
1197651199065022464
1155455949198581766
1202141563050176512
1162401862018056192
1197385286579306496
1263847550676852745
1232037472827314178
1231868126075244549
1231868126075244549
1232004411544592385
1232004411544592385
1273281675674259456
1155456117301862400
1264568718052470785
1155576361135804418
1155595801449717765
1184467784450789376
1231949901023580160
1231949901023580160
1240938305837023232
1273386545597362176
1197285383232471040
1264507432858013696
1263800084132757506
1162445012283641856
1155540490428829696
1174629402862379009
1197241669596393472
1231970489498767360
1264459051846504448
1204321050055659521
1162245158609408001
1155374369859936256
1265992229740560388
1204456770959282176
1196472559069474816
1263671025545482240
1245408111214632966
1197186190086197248
1184558064688619520
1184545980341018624
1231917985201258496
1162442588626010112
1263759403540525057
1231992657586610178
1231992657586610178
1196484804684001281
1231363317328945152
1197232323156217856
1273331834173165573
1273615919810523137
1273333850777825283
1231934491335196676
1231934491335196676
1264555938821877761
1197400641309683712
1265953717033017344
1245378792073371654
1240939132739862528
1265911319498194947
1196492860029317125
1263723676295483392
1264466522342338561
1232025038963933184
1232040680098291720
1240875551251992576
1196557318143565835
1202148948183601152
1263754751155548168
1245401568582778888
1245609759941652481
1245625076097011715
1264489890282123270
1235224907027558401
1204295425957801990
1197598673447915522
1197798330010685441
1197511107784663040
1273372073885421574
1197450180628365314
1231969544664645634
1231969544664645634
1264510885474820096
1264493240407011329
1202229817174876160
1245418905717391361
1231901998548750336
1264476828904960000
1273364537287335941
1184539084674469888
1196398664564051968
1240929091202752512
1240963620063916033
1273296065496834051
1202025222733549568
1265925422161813504
1196350619096952832
1162354333591064577
1245604009622167552
1155420891947438085
1155559279673393152
1155546866152562694
1241088928989446144
1235212436749324289
1162388542452051969
1273355743324975105
1197262357749288960
1245451367214448641
1202004937607122944
1231878103762374657
1231878103762374657
1204466241412456448
1241004768367124487
1265966660604899328
1231869713053032450
1162311519536918528
1162446630685163521
1231836480689115136
1240949482373763072
1174582651556159489
1273553493740134400
1235004828348186625
1273296519114956800
1231354513107361793
1197576994571063297
1245389792059314178
1264494567262490624
1204316282251857921
1245441797343625219
1155382419031232512
1231844862175186944
1273318126847918080
1235244397245104129
1265942145724223489
1273300962313043968
1162266288753786880
1263745056848195585
1202191265682644992
1155242508819030016
1162278240041390084
1197790923188572160
1197250594244907011
1245597404310585345
1264498127530274817
1197420377296789505
1273303507890651136
1264502821606641667
1197544560391573506
1197069037445890049
1235130852130115584
1245393838404927488
1196378582664335361
1184515145336266753
1197062443098357761
1197507183900008448
1155442985619861504
1232054986898583553
1204397960542523393
1265933076976275457
1273351777421856777
1197477237404110849
1162266321800712192
1263718261801259008
1197662046764093440
1162270739312943104
1241033857509580801
1196510035947458560
1196341346644176897
1197195389335674880
1162515873317433350
1162439701711740928
1202131130087964672
1273502321109020672
1240973766496333825
1196514460934037511
1241088104380989441
1245620062460891137
1241005233096048645
1162482893270261760
1155399366267588608
1264463919265038336
1245388585924263936
1273289236817620993
1273382986583552001
1264509083186368512
1162361107526422528
1197883417817468928
1264550463137087488
1197586424016592896
1197202627152535553
1196489771603894273
1240925172934283266
1204425803708141569
1235208972187119620
1232026233573126144
1231936356785496066
1264528606266634242
1235130697834213376
1264589392401911809
1202204219161370624
1273551548656889856
1245539197114617856
1241097437135155201
1241020993885351937
1232025756563197952
1241010152314109952
1235271039862689792
1265985081916755975
1155581665579810816
1197622924649410560
1162303610803433473
1265918162433986560
1235123765731905537
1245634025563123715
1202178436900343810
1273567072539246592
1273368613278318599
1232033899192123392
1197595190426554369
1235106064258875393
1241067589440331776
1264548048430080000
1263780297021194240
1202188944021966848
1184529652473311232
1197241285935091716
1196582354686562306
1245421682958962692
1155495380131504128
1162280359704219648
1196499813627547648
1241006949484953602
1202142296407498753
1197764777755521024
1204390882218262528
1273295647224070146
1162412741665132546
1232014464947511296
1204485935439765506
1235126583175843840
1204487622237667328
1245439538182402049
1202130136059043840
1196617911558967296
1202237465521770496
1231840796535590912
1162444037221232647
1231830508385992704
1231830508385992704
1174588290244186112
1245640180943310849
1184529855351791616
1155233829185052672
1241033458681622536
1235219873598509056
1197861715582607361
1155486962582806528
1202205466128011264
1155561082938953729
1197225075570860032
1265917359019130882
1265996676680089600
1231891426469908480
1196456082580951040
1265907597162565635
1162270498073395201
1232044159202099201
1264593644083982336
1162348415214399489
1204450209343901698
1202116633046790146
1197799846364794880
1196460448725557249
1155559746289770496
1245643358891954177
1245378570874163200
1155556621235511301
1264525321648443392
1245409449575137280
1241034844844498945
1204414072646586368
1263840224230215686
1196473424656437249
1245406113891311617
1231339590985945090
1162511512952541187
1241089046497067014
1162488777685835776
1196433218490249218
1196595302721036288
1235149615877455872
1197194642954936320
1245639870665469952
1241078798969458688
1264443783170719745
1204374564328951809
1162280968402563072
1265994606182895617
1184552601825763328
1264521361038475264
1231985272440512512
1273500943166984194
1196506625344978944
1197046714051518465
1174568964640428032
1197113251257032704
1162239826722082819
1155453791824699393
1197635368201396224
1197559537076752384
1241057267983712262
1273587974450688001
1232029318227931138
1232029318227931138
1197657401983406080
1197186375185043456
1196330262088556547
1196359193089003520
1197455061829521409
1197643441406173187
1273577945848778754
1197439099478724609
1197570996594712579
1197659562200973313
1155398605630578688
1184462850099732480
1197176510987329537
1273558549772165120
1155413998675857408
1265957583812268038
1155445492303769600
1155604946064171015
1174648574455549952
1263590206956961795
1232061850386411521
1196536769505837057
1204206640628686848
1162450371333296133
1155224394538655744
1155558921270169602
1265913886483664901
1184489845957255169
1273562099512467456
1263824691355176961
1263831294900875266
1196465689290141696
1197840694381043716
1204313439906226176
1197133658513137666
1196407513324888064
1245626490886086658
1162277987942670336
1196526805987008512
1197554152907390977
1263842080876609543
1197623181089087500
1197169958817599488
1245409249208999941
1231819663815913472
1162378793522278404
1263773969812983810
1204310989325438976
1231895830279446533
1245461759332319233
1235246348938727429
1245481567113355264
1232068045524340737
1197134171614982145
1204308025579888640
1264460158404526081
1196551653706665984
1240950603146289153
1263856157539565569
1155461259703259138
1273552917556068357
1202129800434839553
1204290712591912961
1240955811054182400
1162306011455217664
1155494610304733187
1197094193941958656
1197564042581364736
1197829126993928192
1196537334432440330
1197558823151656960
1197777178101985280
1197583538452914177
1231872593726144512
1273368345090326528
1202185498007080960
1196532552065896449
1204390530962141189
1232034795569471495
1197893539864043522
1273567683410366464
1184534072758018048
1231958423006302209
1174630400548900865
1162337590793637889
1241072705300021248
1263656068967813121
1273397781328207874
1174482081847611392
1240882681166155777
1241104872994373635
1197828793647476738
1202192662436167681
1204340644623396866
1273277087953162240
1241079905145798660
1155503146141175808
1231849330992197634
1231849330992197634
1162290050278838272
1197827556663287808
1197267826433761281
1204452930067345408
1196397500086833154
1241087210872504321
1241081935293710338
1273561755076235266
1202151653501091842
1265965521381535745
1204323230313598976
1231862288958795776
1231862288958795776
1263784344000307200
1245461096712024067
1196447737258139649
1162375684934852608
1196423033105387520
1265971059502841856
1197462933988691968
1235133278618869760
1245586964809564161
1204292288060354560
1162271351719129088
1204471135867412480
1273389077191110656
1162256713413582848
1231971237154492417
1204489213242232832
1196523644266196993
1273346632793444354
1273413125384044545
1197090159751245825
1162280488326664192
1204342029121028096
1204437615417733120
1197236551467573249
1264491973622276096
1155472697070985217
1235104233818476545
1155522727157096448
1245429545790050305
1245419108730093569
1162394649539072000
1197856457070432256
1174481908870385664
1155449339713425409
1202140741000142848
1245614174970904576
1273537743897968642
1231997713077673989
1197231247690489856
1162307827727314944
1196508277770768386
1184576694247677952
1245606051849703430
1196576543402844161
1197825196478087168
1155251869436076032
1196553113718710272
1231361035426312192
1155208133096161282
1273501291122233344
1196375368929861632
1155548954534305795
1265926871235072000
1231930567068966913
1231930567068966913
1240925168052117504
1162346627744575489
1202229841657040898
1204446347606286339
1235133453601038336
1263840372083642369
1184498075580190720
1197039006422360064
1184470483091234816
1245400208952918016
1231871790881869826
1162470156804771842
1196479742444101632
1162520568211615746
1263610063756972037
1162382523613286400
1263717237778796546
1197656460160897024
1264559508619177984
1235244225698181127
1273540167580684288
1265939992129474561
1273601416863547393
1196489298054397952
1232035705716690944
1240928436035649537
1202159772646154241
1204296595761696769
1245611879612837888
1273583812270854144
1273286896156913670
1264605218261606400
1232006881088081921
1196366202731454464
1155553965142085635
1241094544843833348
1231838192602669057
1197317160399441921
1184513265059033088
1197124935078076416
1204336042687549441
1240928743692124161
1184521429318078464
1184531019673882624
1235176529656770560
1162369695221211139
1202004091431456768
1155624452081750017
1197094134894473216
1240904422470881282
1273614412201549828
1197256445160513536
1155462124182888448
1240981377258008583
1240822558422970368
1231397537539444737
1184515403952902145
1232065104839168000
1174595150082904064
1155376078820655105
1197175561573015552
1155376944537591808
1264611112667971585
1235195942657196037
1196522712778321921
1263791566033911810
1196551850834776064
1265906428805558273
1265946430155472899
1162417633423167491
1235136163847036928
1202221475283046401
1197588238275203072
1231976934122442752
1231976934122442752
1245627053728129027
1264524195754577921
1204445837104992256
1245431688492134402
1273523333288677376
1197127959859126272
1196335141460815874
1155239483597606912
1197774043400867840
1174560062863499264
1240998773507096576
1174652461384196097
1197782251095891968
1196515033800462336
1204460417650712577
1263793319383052293
1174462116868317186
1273342365902737417
1155443705597353984
1197438241735090178
1231843088114552832
1231843088114552832
1241072733833900033
1197176433736658950
1155608793675370501
1263753560581459968
1264613279902642177
1231354621274345472
1245464464880787462
1155477865934315520
1232063588694708224
1155232036937981952
1196481310174433281
1241122831305498625
1241008034077384704
1204341408779395072
1197642349154914304
1235235277066711043
1245609092808183809
1155387215947522051
1202013157641924609
1197666092505817094
1155572625147662337
1196327398536384512
1197663922108669952
1155477147613634560
1204467188016582656
1231941936543682560
1273338316243570697
1196457142267629569
1196476108323119106
1155434885512867840
1162437739700195328
1264560315766845440
1162345775864655872
1155556045172936704
1245602957011218432
1235165634490781696
1241084254559391745
1155532796712103937
1263709464735232000
1264533230545522689
1184540599791357953
1265956859678265349
1240918590116724736
1155421238862462976
1155558721164103680
1197535933580677128
1197627004478201867
1240966059701698561
1264532779301208064
1231895557393780736
1155341333059514368
1273583431197261824
1184490027176333312
1155504768447651840
1245458125248966657
1263849466525650944
1264529487565402115
1235211207918989314
1245387301536043010
1265961695572365313
1196506046564651008
1184512665554735111
1174597758470316034
1204290372844883973
1204420583313887232
1197582586408771584
1235245698553196544
1264592392969228289
1231863538794270720
1265920477652037632
1204395968034160640
1240917422485450752
1245622144265904129
1174582570144677888
1162418336275292160
1235143327181344768
1197831749830631424
1264519830587269120
1265969785906569219
1240953798748770304
1245435014835310592
1241010532636856320
1232032197835661313
1263859944702513152
1197903058967105537
1155239938985811970
1245591438869422080
1232052451886452737
1155460232618938368
1196369720905273346
1240952473910722560
1231871178064699392
1231871178064699392
1265971532624531457
1204489057536901122
1202116871425839104
1232056733603897351
1245580789095399429
1204429473568952322
1162479486362931207
1162245530845532160
1202125426241540097
1241242528936013824
1197306654829625344
1162490592359849985
1197148641275924481
1231958768830885889
1245417955371843584
1197481945627811840
1197146054363402245
1273373598447779845
1162480333394272257
1273335341445980162
1197858042387271680
1162450717929594880
1232006915095482371
1245449739988074496
1245472723733807106
1197829951329832960
1174603226206916608
1197095181478244352
1265976021414744065
1231855828577193988
1273375562015399938
1240916419862319104
1197891318665621505
1174577985539780608
1245395934097354752
1263822041796562950
1202193999341248512
1184527569397436418
1235149204579848192
1197294600274292736
1263761011385008134
1162247159988666369
1162417062335131649
1232017728212471808
1232016623256645632
1232016623256645632
1162238084991160321
1204487868191825925
1202160801861263361
1197649805289381889
1197617451237806081
1202146197709959168
1197563352660291585
1235139637833805824
1174605156329168897
1155515070820036609
1264614255153737729
1241045803390701570
1245433570254114817
1265932064605569024
1264493046399414272
1184551016852836352
1197226256770703360
1197523927054127104
1273350719857479681
1265965094644703232
1197801530218430465
1231988581956276224
1231988581956276224
1196496828482625538
1196479039436984325
1204349119625605123
1155559705680470017
1263761644397760512
1155576406048419840
1196348721103036417
1197901973200220160
1231941098110693376
1231941098110693376
1196322320278798337
1162329697512038400
1241065118005420038
1273360979594706944
1273595420543815688
1155379453838712833
1197795413245513729
1231997435578404864
1231997435578404864
1240964976178868226
1273563272562827264
1273522304555855878
1263770308965785601
1184545871716847616
1264569428429213696
1184544922680152066
1245641911366369286
1241174920199094272
1245377438613483523
1273338266184560640
1240959382776688640
1231867047170232320
1231867047170232320
1197783871720493056
1273340082594951168
1241092277134675977
1263789344340541440
1263832191991263233
1204374601209405440
1197080658142781441
1204410459798925312
1184500826716463104
1162286198255046657
1197313589461311488
1263754066611572737
1197633876123930624
1264440966360043522
1155415603005579264
1245416608312569856
1202213256259080193
1197268561678479360
1196475507245830145
1241099986219270144
1197230792247824391
1245402542953189381
1155597336481030144
1265964393013153793
1197823573399875584
1174588903061413888
1264547729939804163
1197363703332646912
1162346964601774081
1196497422936989697
1245634158010888192
1240916071273684992
1197266214030065664
1155449987855212545
1263719770404290560
1202174823725748224
1245425621670469633
1263791360513060865
1197486800165470208
1162372263842328579
1202214854758739970
1273345531679436800
1273512882383306753
1196375625851965441
1263688866776649734
1235099365758447616
1197121735373545473
1273592765432188929
1196533550897672192
1232029901164883968
1155460293977395200
1184581479239749633
1240980386878013440
1174586281554325504
1204313512262225920
1263650219293421571
1197088934846554112
1240957862848987137
1231868721515450371
1273557942646661120
1264509566915612677
1273329727084863489
1273612552694648834
1174610853531979776
1155551910990176258
1197585638666715136
1273306917088215041
1240894965779177473
1197136799442833410
1155507380232364033
1155489896842321920
1245458563264385027
1235083655342690304
1245409043692359680
1184509866754428930
1263794488994127872
1204438289333334016
1235127044796805120
1245628740475838465
1265954298376183808
1240909279965483010
1174636886532513792
1231916819172220928
1231916819172220928
1240915326545641472
1197200776768229377
1196494169986011136
1197632355319603200
1241038007664336898
1245406232233549826
1174561989701640192
1197054746596651008
1263755725517529088
1263803169903128577
1155587149598777345
1196349850851389440
1196402201205334017
1245389777068797952
1241105667466964996
1197449471195598848
1196428747928457222
1174563558383923202
1155393289207648256
1245618661907263488
1273539065955135488
1162377620702597120
1245604039456243713
1155578597534572544
1240939082093596673
1174642394500915200
1264574869104181254
1245587475885469696
1273523077595496448
1162473727356878848
1162355290471370753
1197159234095452160
1235159754844049408
1232026942477676545
1204351183525154818
1235238994738376704
1241070878391185414
1231896975236378624
1197801351381688320
1196539836066390018
1196539836066390018
1273320977896738818
1241000178867408897
1162363615816691712
1240993241413103617
1162241304098570240
1196473528243101703
1204324770780794880
1202166119244713984
1235197335635922947
1231933715640733696
1231933715640733696
1162296136687935488
1155258662157475841
1263590407809536002
1197684835093032961
1241070781326557185
1174610215104331778
1240946097767550976
1196334516580823046
1202179193758461952
1263673556472340482
1202214438495047680
1231346813090848768
1196461384927776769
1174588281499070464
1196505050425839617
1196427014544265217
1245448280139616258
1241011134406242304
1235153825666912256
1264435506558971904
1264498594603769856
1162440721649020929
1264523444701585409
1231862313231278082
1231378770109648896
1197166985899061250
1241134364861358080
1162417861052313600
1174569464362426368
1197835625539485696
1197240239724650502
1197509200659800065
1196534959034552321
1197288414892216321
1265952777760657408
1231879367120375811
1231879367120375811
1231840612305063937
1231840612305063937
1174453768890572800
1265939176182210560
1197026080022048769
1273326288388964360
1231926485646237696
1273318135416971264
1196571004237168640
1241084974842986500
1245634564879298560
1162384634891644928
1184499870784249856
1241076430865403908
1235136013732900865
1231929922073092097
1197107258238394369
1162188023079026689
1197246634838626312
1235181606006132737
1204496070820147200
1245423871748120584
1273516120746668032
1162356000906797058
1241063409271128067
1196353303535329280
1245468290773745666
1273621797842423814
1235087245331165184
1174559651087695872
1235105028857311232
1202095559995265026
1264540548259557376
1264527164860489735
1263594366741778437
1197152990773338113
1264490927671967744
1197515817132478464
1240938528466501632
1197780259090960384
1241136372611719169
1263850690079793154
1273549837305249792
1197506258594652161
1184521287852527622
1174623932684677130
1196394205305802752
1245453687591444483
1235157382780669952
1196356019284262912
1155478175469789185
1231863378374733834
1197161743148957697
1197214605136859138
1231973530352394240
1155544333480861702
1241080448811511810
1204419585648271360
1240935187351035904
1235018711444213760
1273523827247587328
1155387774180179969
1273333675661373449
1241042461595705344
1245384068738539527
1273494503412977664
1240960449937641473
1197444341679169536
1263817439328034816
1197596215946428416
1155477269151772672
1231946668783919104
1245633290251321345
1240965836728303616
1235269913411047426
1263708760473841664
1197049859141967872
1204413129397915651
1273618812290633728
1204312250208653312
1196375953804537856
1273306550489149441
1174669899165315077
1155510382875815938
1155271023799021568
1162498640734240768
1162397208081326081
1241058210414571520
1197260499425124355
1245394164554047490
1264521392764211200
1197459021013438464
1196526184437170176
1204318931026006017
1241132398298968069
1264591420981235712
1231848961914396673
1273606596182962182
1231919795899158528
1231919795899158528
1245640517544599554
1197585195404148736
1197102268790845440
1202224776929918976
1245415497417601026
1273338591595421697
1231912385876824064
1231912385876824064
1197642631003672582
1162486280246243328
1174611378352656384
1184552236694822912
1196407374812209153
1231932764133392384
1155238394395602946
1245601021256073216
1197268630767128577
1264464171195936776
1197459360919773185
1174611924102930434
1197555414851899392
1240959133576302592
1263675540487233536
1232066327789080576
1273499030878916609
1240902549869379584
1231937450190176257
1231937450190176257
1174634576171413504
1197563315767201792
1235112676642062337
1197193619427545088
1202174052951101440
1231909113552101377
1245386141303328768
1273348459807064065
1273309702089293825
1174671764540067840
1197849652965580805
1263767153326600193
1184581818110099457
1231994257029914625
1241057486079250433
1235128200151392256
1155545406371241984
1155600330291388416
1263748731087851522
1263770184831074304
1240905220244279297
1273351798787579906
1197813911480745984
1155638916428509184
1196351759872069632
1273582941684326400
1197580664788389890
1273578765600411650
1197296338872012803
1263740708864716801
1231383062174412802
1155221039661637632
1273533032037781504
1241001689240518656
1162408159274835968
1174590132495757312
1273566007416610818
1231946224812613632
1273564177962094592
1196526314284617730
1196348507109707777
1197566733982285829
1155390231006371840
1155491972439785481
1245624655064338432
1231366125960802306
1265981862549303297
1155523656186941440
1197274659252768769
1174622707335348224
1196523315189469187
1240894979695837184
1265977500288589824
1240842740226822145
1245606988840493062
1245399084439162881
1273314488360599561
1231869388963356673
1155509998727913472
1197056993271435265
1235138415475200007
1240986287336837120
1263793905008549889
1197778437483708416
1241059067130515457
1264513580113653760
1235239684793610240
1264534313007230977
1197510609820168192
1162365074335522818
1204343685175037952
1273592423554392068
1174607746399907840
1265873320613941251
1204476452151934977
1197478714184994816
1174658465937141760
1241113449427542022
1263746987188420610
1174628308132290560
1184572561415430144
1245413700166615040
1235123660215681029
1240940247049003008
1245454276912197632
1197903673113956352
1241055135545069570
1241109104229265413
1273530387755667457
1197524531180638213
1264570820350717953
1273278222462001154
1197250370461827072
1197754222084796416
1240944359706673153
1265928911642341377
1155270442611089410
1196360231447609349
1162426400307064833
1201990283572994060
1155481161197662210
1197563915191881733
1273538069124255749
1196321352577355776
1162476056625983489
1245465090209579010
1155405377355337729
1245389378878406656
1241086425694711808
1162384645071282178
1197257037400494080
1197512427488845824
1197490276383756288
1204339116839706624
1197484019547435008
1241092112634073088
1231347825256124416
1265951596950716416
1273359037166469124
1245376531414896641
1265959231548567552
1162396245228437504
1155428011178516480
1184529973635407873
1162280407607345153
1155229869929914368
1197414407728508928
1202181630078672896
1197174122578632705
1196455955858415619
1265963462158680065
1265994372539179008
1155489584253480961
1174573239181434880
1232074006385319936
1197194526932307970
1264444115800002562
1235128292778422272
1204488636521209856
1197256897583341569
1235245909677572099
1245631077625901056
1231808360044998657
1232019721018585088
1265959603285700608
1263702325807505408
1232012274845569024
1235010387248058369
1155498159893876737
1245441283587530754
1231372231382532096
1184494205617475584
1232070993197309952
1184480463508905984
1202235897615396865
1263770927139033088
1197579111809667073
1240951696567697410
1197166307197771776
1231961397115981825
1184545865077116928
1264488667017601025
1264507033627365378
1240916165934940160
1174644014823411712
1162272433551761411
1197266564959100934
1263783841279258624
1245411685776732165
1155416528982032385
1197554083844022274
1240924326087610368
1197585385959968768
1197873797250134018
1241200650115002368
1263728845624147968
1155600956811337729
1273513310462361600
1162427094934151168
1197872799383269377
1263795095377268737
1197081783961079809
1174583526089461760
1184542559865053184
1265921010198548480
1245569589444055040
1265914302143377413
1155556093654904832
1273356833231699970
1245436205514346505
1235246598290059265
1155527280229343233
1162273240829460481
1264541371765047297
1264583269699461120
1245624699339468810
1231899616389541888
1264554581578715137
1155365921927696384
1245404852823482374
1241118641850122241
1197233753254440960
1162383388231311360
1264481075352526848
1174528559563644930
1245639057226346498
1174571045216563200
1197189154435747840
1197530146980474882
1264544487008874496
1197414566529044480
1231901923810455554
1231992856748883972
1174625075670200321
1231902442461200386
1245430721830928385
1197066550550974464
1197499284956073984
1197145865426817025
1196321566159708162
1265992672466079745
1197372077524824064
1245391979439099906
1245626451304435712
1155485459692191744
1235186051389501441
1263814818261319680
1197572043040051200
1184544935162384384
1241085214283063297
1241014700600590336
1231356319329853440
1155382859193937921
1174560173005967361
1155214698960367616
1264442249435181056
1204468026827067392
1197211502891216896
1196574765559033856
1241114879886589956
1265944340393836544
1265870110062936064
1231802883760369664
1273310328609267713
1155579507866329093
1235123201174171648
1197779674669158402
1197201157061566465
1162317600769970177
1155246784920395778
1241186888184184842
1162291659650019329
1204386337354387458
1155362189135552512
1240917102019608576
1162290184223952896
1265954397907009536
1155492752844394498
1245632934658207745
1264549435356459008
1235268340324720646
1231861772556087296
1197794999255089153
1155451322683891714
1197499396117729283
1196481591729676290
1245396190256074754
1162429154811371520
1196333136847785984
1197418771717246976
1263785729739685888
1235166631615176704
1197569434300354566
1197810214076141568
1204296609019899904
1273532797676744705
1263760641871020032
1197771827436834816
1197411235085660160
1204305533785837568
1231912321678815232
1231912321678815232
1273288088375250944
1232017754066235393
1232017754066235393
1204339557359144960
1245596913946120194
1204435725174726657
1273364778824712192
1240985067037614080
1155209974840266752
1264589260512006146
1263817615874707457
1264561944662552578
1155237022719774720
1197140851148967936
1265813676424155141
1264579754683965440
1155566162299772929
1263745189698568193
1273383194260275202
1197432661020741632
1232051893054013441
1197609607717359622
1155422422016909313
1240944345798320130
1264490463756783616
1155483978616463360
1235243819978850306
1162257100988243968
1155437309006950401
1231966876995112960
1197210776110555136
1273587461839622144
1155556587345518593
1273303061050556419
1231946340298579968
1231946340298579968
1241078129692741639
1197456671653662721
1197074240207499264
1162334215008075777
1162252836274503680
1265969776565911552
1202172072883113984
1265912020106383360
1197472153052106755
1197088337313619968
1202219287223701504
1204478111330508802
1204246673708535808
1196370387514339328
1245419076819791873
1197269301847318528
1231936553439633409
1196543304122408960
1241133135015882753
1264468219110318083
1196410917526872064
1264593414303219712
1231917235205234689
1196557241333276672
1231902440561217536
1245406493404430338
1273293336896581632
1241074799742459904
1197143395430469633
1263769313351106561
1241081145275682818
1232090148453658624
1265908222487080960
1264538127965847553
1162248360851431430
1273310595891290115
1235266471665815554
1162378042204966912
1264538240402554882
1273519299102040064
1204485150039560192
1241072051760349185
1204495595265830914
1240962846478999552
1241030531845894145
1202239792420970496
1240930733465747457
1273340560967942149
1231815629906305027
1231815629906305027
1155473960659591168
1202233948459417642
1155429225844936704
1196495881756917761
1197208807736250368
1204308297060405248
1155515546684854272
1197779529487568898
1155484669762314242
1155451343995228160
1197579782378213376
1204471683073138688
1197203566831788034
1196362903097610240
1155494126152032256
1232037414530691073
1245466240220573696
1245628092107776000
1264602693286400001
1197539707326009345
1245387668239855616
1265989764039114752
1155437403408142341
1155555240307056641
1273545094306676737
1273387964832366594
1204425350974853126
1197602835006939141
1197270179136319489
1231912441094770691
1264476576378507267
1174650179540180993
1197605499576950786
1201993882768203777
1162298573398130688
1264451659813568513
1232052358483521538
1273367786912440322
1204359301285834752
1265965990598369281
1174678304567320577
1245447903193202689
1231969359087710213
1263607306559934466
1241122588488851463
1174556444731105286
1245455298086744065
1162308703007232005
1265958542101688321
1240937447879557120
1263734190719320065
1197269946541256704
1273597180876652544
1273570274697453568
1235199160019832833
1202127820492812288
1197449746576814081
1197072814089687041
1162417502699192321
1235094094138859525
1241078741092220933
1197650936249929729
1263819928664182786
1231913073935560704
1197072664269131776
1231844236544413697
1263604828095291393
1155233557016719360
1197190916605456384
1197098991529472000
1240902371452096512
1265884354351415296
1241039939631972352
1235093309284126720
1241124703806390278
1174620819466661889
1197255663728168960
1162506752023285761
1245374916368580610
1155208106931961856
1162335045048242176
1263788296162902019
1232021051980251142
1197121987728039936
1162489191273549825
1197222674348544001
1197794941025566721
1155395413207322625
1155433575996694529
1197560507164774400
1273355846701985806
1273289851874443264
1197107966392057857
1202159745978839041
1202003351019364352
1204377352966422529
1197503570683334661
1184497339152633861
1241171294617550848
1245632336059707394
1155434046572433408
1235194913383473154
1184567151841239043
1245385292086902787
1263585897695473667
1184532155583606784
1184548447367696389
1202113304954585088
1264471201453400064
1196531387777593349
1197771912631476225
1202235315546722305
1263824979382226951
1197254620218822656
1240952181970386944
1264470749529755661
1273596855738392576
1235215612336648192
1197065724721815552
1184510336176738304
1184568304939274246
1162376164691853312
1240988375026470913
1174687798756085761
1155464584649760770
1197683870059188224
1197138156878843904
1231908290403217409
1231908290403217409
1264572620957237248
1155608489684873217
1155454746687410176
1263734845689270272
1273276723820466176
1231370663501402112
1197407778907787264
1184468547562553344
1162466030272372741
1245636390613692416
1265954413132292096
1202141927983996928
1273346181041541120
1241130861585674240
1155452952771014656
1231912360153100288
1155411721886064641
1273526446514999296
1174681537784274944
1231936104946950144
1231936104946950144
1197506923542786049
1240933241231679488
1240891309432455168
1240953620662833152
1264497932927148038
1202016098826235906
1196526135280119808
1196483005428240384
1232079879765663749
1231967636671664130
1155536714838020096
1245488094297698304
1174637845044183042
1162322929977298948
1265952706868457474
1174670920771919874
1155462063260463104
1273504092795604994
1273330400232865792
1184549608577474562
1240891864070447104
1265963067243925506
1240909455702626304
1174560448332668928
1231985985388503040
1273361637366550528
1264559059832844290
1273523273108602882
1240974994022322179
1155560620273672192
1240939947651141632
1231946589968719872
1197158321918226432
1245449719419154437
1273311117012602882
1201988066279350274
1204313463012675584
1245419343292309505
1263731691509727232
1197178199769268225
1241011982507048972
1235211135768563712
1264501989741903873
1204323632228577280
1264531347827314688
1264559843215540230
1265947909956272129
1155397957845442560
1240957825557450753
1174627434710339584
1264510361987842048
1162382097316745216
1240941379523612674
1162268547612991488
1264463952127438848
1197634046861467648
1263730765298151426
1273593994270904325
1196347245232304129
1196409807462420487
1273563185128321026
1273610379302764544
1197527521169936384
1265937473680654336
1245413185944989696
1155522663064002561
1273601682732089345
1197238232104275968
1162310457321021441
1197889668781617152
1231392220856639490
1196530147790340097
1197435885119254529
1197548054796259329
1241092302422106113
1273323146364542977
1162408478142533632
1245628119366520832
1184549551874760705
1235135479743500289
1197571272235982850
1162505380892762112
1264546355160195073
1231967058767876097
1245449401851621377
1197195967495393280
1197138854576349184
1155631741920563200
1196365175831584768
1273313091044937728
1265810179448287232
1155587196403048450
1265883469177131008
1241098279183683584
1240892258817323008
1196533790182653953
1264492728479612929
1197798667077459968
1197640573164888065
1204395739822067713
1196487540972408833
1197584629726941190
1204455383827406848
1273333056527568897
1162360601714102279
1240887366866415622
1184517832626835456
1197075243791204353
1273346874918010880
1241162749473931264
1240928016739586048
1231364924087193602
1204322306597818369
1184574307370000390
1155486304106418177
1231376479788896257
1155530489849155585
1245439334020513793
1204366446396092416
1264560383450329088
1235126841146519552
1273281035292246021
1241035002487455744
1265912692348420098
1245609230263914497
1204483845053177857
1155407714488594432
1273300775666626560
1155276215550435329
1155411076982460416
1273299918720032770
1235155765482180611
1197655138439053313
1245499098700173312
1155593749558452225
1264520680676249601
1264479041190596617
1273279811264356354
1263803949754310657
1197092277610524672
1263749519554023424
1197610768826589185
1202178232306548736
1196484447257931777
1204273556013699073
1197041561625870337
1196400669651087365
1162422316552380416
1273582418021289984
1273572985589452801
1241081822164987904
1197578371540148224
1273469393134067713
1204461421112840195
1240904846791905280
1196367150874804224
1245616830464421888
1245497219383517185
1245611094527184896
1240886575829078016
1197005739757322240
1235227782403235842
1235213253095165953
1264496725819097088
1273581416006193152
1264561218376925190
1235156289241702400
1273310819120529410
1162409377221025792
1235174049711632384
1197495241240203264
1232041127861243904
1273506136893861888
1240898212321538049
1202174335320035328
1263746587873992705
1235219447335587840
1231889929044664320
1231889929044664320
1204471204641411073
1273290604919828480
1232056717430661130
1231343973505081345
1245436188384800768
1273566409503707136
1263732999721549824
1196549066353729536
1196462140254801920
1265907164624957440
1231857968074940417
1231857968074940417
1235098178279497728
1162290805937250304
1155413303956557824
1197438179038638080
1231861846199734279
1231861846199734279
1240932380195553281
1273485607705153536
1197575508864749569
1245455787780124677
1273522832807464963
1235261761919602689
1197832343513370624
1241015010601717760
1232073911661142018
1197121717631504385
1265889356046368768
1204478741017190400
1197889441815289856
1162328426835038208
1265908778144346116
1240982273211674624
1240972605974290432
1264506148817960960
1231340752980127745
1204370643082457088
1245427943997915136
1263768280780673024
1245612248128602112
1265937929723133952
1196329306860990464
1265942715918962689
1162329593656668160
1196544521833725954
1196532997958201345
1264548941070245888
1174646957786226688
1265906867777277954
1197767663973543937
1263757739148312578
1197585450497691650
1264574693379641345
1245419787104157696
1197239061607591936
1245414162244800515
1245613003015204865
1174569502337642497
1273352883501707265
1196428739258793984
1273370306485288965
1162446481619607555
1240808766515433473
1174584457216561152
1197422478185897984
1241105908593295360
1241063898788347908
1245478594085900288
1197139885091643393
1196541176884559872
1162516089558974464
1264603754927702019
1265949978196946944
1184541313385074690
1264566617561759749
1155396168660279296
1273575030178418690
1196361542775836672
1162470569222295553
1273373103536693248
1263741344046080003
1197604360424960001
1197847551967449088
1235259931353403392
1245636484255739911
1235148100647505921
1197631553649696768
1162393630117548039
1231974591737798659
1174570252723773442
1235147407127728128
1240965360414855169
1273555217754263554
1197629872081981440
1264467547077906432
1202216523240226816
1231837772006273024
1232024570451910656
1197449828269211648
1231996000639881221
1265900216487759872
1204376783786782720
1245589745498877952
1273522726842621953
1197603056961163269
1235206276877086720
1197636669698170881
1245613670152863746
1155440121036062720
1240888402389512193
1197902361966055424
1155397836164481024
1197619443213443073
1263843132187332608
1240994037798178816
1155417352483287040
1197911257275346950
1245412371897729025
1202202129802440708
1162417334004436992
1196514804913061888
1184560289666101248
1241150130444787715
1155385036474134529
1204471562352680960
1197409735257006080
1197575303670964224
1263736967327604736
1273346006709686274
1204480728223887363
1202230990804004876
1155471861867778048
1184546913653264387
1273313029124435968
1196484476513247232
1231847491911475200
1196495211679174657
1162243115144531971
1245452577258569728
1204312675062370304
1174609796647047169
1232066675153002496
1264445586054537222
1240969031257067521
1155578478881906689
1263827334915919875
1155483042581848064
1204446624661098496
1263641039358832642
1162283541012467712
1245498397852864513
1184530820343717890
1273560191569723394
1273343647245836292
1196435770996928512
1263850591991799808
1235161100322299904
1273311141838696449
1197419914455388160
1241001532377661441
1245627271320203264
1264602858265227264
1245491171633356801
1232061414182998017
1263827742107336705
1184479414173818882
1155213141367767042
1231357106260992001
1235266321639706624
1155207211171422208
1264536779073429505
1197621854401372161
1174593060191309824
1184514873360867329
1263751787909124096
1174621695178661888
1155591809273348096
1265902140813434880
1197576147246157826
1265881467852226560
1265886712787611648
1273337972834869250
1263794016975556608
1241035359531778050
1264607356232577026
1240990973586550784
1265896723400065024
1196369666190565376
1264479856030625793
1196320531584299009
1197161737465876480
1174617259408547840
1204410660399927296
1197477378496356352
1184573597274300416
1155406429639073792
1241094906585677830
1264515342707167234
1197585838558846976
1197804422933311489
1174682181983186945
1197058665792061440
1235148913180643328
1162503056795111424
1263824003556311041
1162488221697228806
1264495782905942016
1273327340504915968
1197050426476105728
1162382182729564160
1155556523910676480
1197108741868523520
1264501341965160449
1264596317772316673
1184580712818757632
1184489307110825990
1231879170990518272
1162422888659640320
1231869028043575296
1264511356272816129
1197863756635811841
1264552922295214080
1196401650308698112
1155482943126745089
1273508893889617921
1155498130986586113
1232049670299496448
1240913441000480768
1273347185468416007
1197045068743487489
1232015010504826882
1231862104862396416
1241110593991585792
1263767645087768582
1204287854899318784
1245601155905798149
1265953124281389056
1204470649495937025
1202024692934033409
1240969979828330496
1202198945914589186
1265886718433079297
1197772017770156032
1155373759857143808
1231994121461608448
1201997609805778946
1155486149760159746
1162259882482913283
1231928644018331648
1273503736250478593
1197505302758936578
1204365811282063360
1241133259549020160
1264483155983163392
1245622042935713792
1245418445895864322
1273551211548082179
1204451415839707138
1197205852538785795
1264511061404921856
1245597961330913280
1273332170501865472
1235168387552157697
1162293041098567680
1231932740116844545
1273513718501031936
1197515366609473536
1273348593609555970
1241093500789313539
1241056466867556354
1264471601732554752
1162404755265785857
1197226057562284033
1197397916522045440
1273332529953673218
1184488552136097793
1273590123687534592
1264499426447556608
1264516772654350336
1273301578737504258
1162266488230707202
1197617968399687682
1202167963190726657
1197173830013390849
1174579239993192449
1264531643135668224
1197128059993899008
1197246750202957826
1231377617502208000
1155372346741596161
1240934766540664832
1202236812342808576
1155470161576648705
1197812853912330240
1197113774722998273
1240974885427589120
1196519138174226432
1184574812221575169
1245618179155451904
1241034668046245891
1204466703742062592
1162436059650764801
1155575709638778881
1273315069347102720
1264556665749278721
1204297507674570752
1196544412119183360
1231924514273079296
1155398401082699776
1232035053913477121
1235106458804432896
1241162719983738880
1162306383804588032
1184518478973280256
1197877703032131589
1197056325139779586
1264515020156788736
1197828107845156865
1273363649600589826
1196375972825706496
1273524007799853056
1197493508648689669
1263722499340218368
1202123171840872448
1155373555808382977
1263723320819585029
1264557318928306177
1204329538148294656
1196431021031473152
1162317360398786561
1273287234184261632
1265933551394045952
1196367692300791809
1202130230590050305
1231351365810769920
1273362215324827650
1155549010008137735
1235154828134883330
1263737371352338432
1155462079261790208
1273344893788790784
1196513629853683717
1155259337687875585
1174484180987711489
1264477394091589632
1162389709206765568
1232058450768781313
1197801785068572673
1162357585137328130
1197281722808885249
1197119456486580224
1204470158590382085
1162461779169034241
1204383620217147394
1174579621112766464
1245434455759523840
1155467006306422784
1235246238687166469
1265960082887630848
1174453646903447553
1263795879561121792
1197140886439813120
1196352740928237568
1197145506683723778
1202193048366649344
1184561090002333696
1273362133468807169
1245601638527545347
1196517562797953026
1240889700870750208
1240931225742778368
1231887200805101568
1196486755693875200
1273359497214464003
1264466290812620800
1240933802488332288
1273328132574056449
1235194265925537792
1273361913301385229
1197601431727071233
1241066211598897154
1197427993674735616
1273508340807671809
1197852792897101825
1197440036549091328
1196400224366936067
1263662007015915520
1231838777590632449
1245386284664860674
1197603165975252994
1264527904484085760
1235212270545833985
1265885656523386880
1264484134811992064
1155211332616167425
1196458263933571072
1197808102013358081
1232061370016960512
1162449997025165313
1197483255974580231
1232006278613999621
1204296179321884674
1273350466273976320
1197195210964508672
1240952963411202050
1162245822035066880
1264605781485371392
1197564028685574147
1174640263094067200
1241060631928877061
1235193397729726464
1231849532876562434
1273314285167480837
1264577015191146496
1241105807275708417
1202204542517022720
1197482897231532032
1155472307252551680
1197518966731747328
1197277604899889154
1162276572360953869
1273330487818412039
1202224163819335680
1232020217062182921
1232020217062182921
1155585748734742528
1231350655727652869
1155210977387958283
1273406390384635904
1155564077244174337
1155234837571223553
1273368662796382209
1155565746329726981
1265936504985133056
1196380469618782208
1241043019714961411
1241020311761551361
1235269647869579264
1202003633673527299
1197872040012898304
1264516107286781953
1264558858732740613
1240963372046262273
1197560600613838848
1265891396164161537
1197054862548189184
1264603924033650690
1155454224651698176
1240908878906306562
1245390554176856071
1265944968834822144
1155214810633691136
1204292357170061312
1264590646549123073
1240970419072532480
1204428260957990913
1273336699557416962
1231997202198867980
1162321924204220416
1197825519259209728
1235182133272088583
1197538644506099721
1232032591592685572
1162454090967855106
1201997731713019904
1197468855544754176
1196532750242787329
1235255496615047168
1240942200910778368
1174584119730327553
1240926529292566529
1155476032784388098
1197120168897454080
1232021429136261120
1174624283831803909
1155586954874040321
1241063104659808257
1263760227960262657
1273529824615829504
1264520355600891904
1155249749035016192
1155547053021286401
1196648492619288578
1241037366942486528
1264577435514933254
1273322005614428166
1197820837199581184
1155560670571585536
1197445317471412224
1273302443972014081
1174547516320309248
1197149042553298944
1197884722229252101
1241152517901344769
1263780040027836417
1273573768930131968
1232069728388157440
1241083452767834112
1196582142865813506
1245414323838648321
1263850281974013952
1265930238443294720
1241118580504174592
1184572071529144322
1245452650260422656
1196390932209373186
1241025802394894337
1232045097681854464
1265947804444364800
1245604317324705798
1241040744506425344
1240936819614781440
1240896059578163200
1240905229677330433
1155577958012248064
1197226904442544129
1245630473906216963
1174588878734417921
1155565868144898048
1174613663111663617
1204383200346288128
1235177459139694592
1263790134690021376
1273302811720155139
1196564745324761089
1155406336332632065
1197304529777233920
1245427057007394816
1263813041294061570
1174671271868719105
1273331023259021313
1273301446507855872
1197597160222670848
1240928139259322370
1231974611589500931
1204338144159637504
1273309289730527234
1241230807156523014
1197453339279216640
1162283902158852097
1265988148439506944
1273306592939855873
1204332388848979969
1197864520141721601
1197492980908728320
1264503107423264768
1174560797391032320
1241105977639874567
1197862750841647105
1197234830263672832
1201986014362906624
1232019908504031233
1197093334357086209
1245399705682685960
1162307623003275264
1264484214784884738
1273443716469006336
1273400165882302468
1162428336217481217
1162514967775580162
1245435882062123010
1263773059032526849
1265968353535045636
1240962692409634816
1265932571013189633
1240974476034138112
1235271280246566913
1155520213644955648
1265965888248909825
1245618066668441601
1155516032276209665
1263601070447697926
1155540540328468481
1196531724924141576
1155616060109930497
1265894480680452096
1264579997534216193
1174478148592918528
1202161023349919745
1162299170297958401
1273366580882259968
1231860189869068288
1245614167916072966
1162460360269451264
1197282065248669697
1162368798906900482
1235136152408969216
1162316941329076224
1197631521873629185
1196463365104627712
1245408547342626816
1197250555753697282
1162429962047184896
1265855310830489600
1184557720617324545
1245448459974586368
1196447466503254019
1197852870546272257
1263831749399896069
1196567017983135746
1155479646298923010
1184467117145501701
1273360377313624067
1263822442075742209
1197395410760810497
1196338700453646336
1155226744103813120
1196475732714766338
1162421756747034632
1273549971464355840
1155393182743633920
1263779293244596229
1273340525752565760
1162443368972128256
1240912838392250369
1174598559230042113
1231337585013854210
1240961088818118657
1265939582203432960
1197192276402987009
1265937992943915013
1245420919817998337
1265992006863552512
1245446188633133056
1184541856023109634
1197805957776072704
1265978320698605568
1162411882340343813
1197614059719450629
1197575930748780547
1197560674718801925
1273616802829021185
1263724454594699265
1273559667105509380
1155539427332120577
1162293526706774017
1197281461897977857
1202110465045925890
1196512564441686017
1174656040345972736
1197558225702400000
1197432110514085888
1197768724977192961
1202185188165529601
1196507228565581824
1245463520122146819
1196330003165790208
1273286839743512576
1273489150092640256
1162288812078379008
1241047685144227842
1197668645398294529
1204493723264004103
1197575638900715522
1162296365306777602
1241074454245113858
1184479469605675008
1245630714277539841
1273330635457933313
1202194647742853120
1155247516394430471
1264614214590701569
1273468534635577345
1273526907976527872
1264551132967383042
1202181378651099138
1197540939448930306
1245611242674257920
1235119683369439233
1265896712297680897
1197094042611453953
1240808940058955786
1155224336711786496
1197871207951020034
1264580338564685824
1273316925456609280
1197544789891260417
1273355363421650944
1265964188754751488
1273500493487226881
1232011853510905859
1231333952037761024
1265931222833913858
1162378038002298882
1273348888129343488
1197042996010770432
1273321863855423488
1263578203597049856
1245620386370179073
1263749913529245696
1245619662504656896
1174636301489967104
1273336796521340935
1235249289888223232
1196517381176266753
1162461886912159744
1202155626945753089
1265916482166427650
1174573775494504448
1184477475910410240
1273560388714532867
1241137067180122112
1184543563318747142
1155511126060425216
1264497694850125824
1245493615671087112
1273293203135963139
1196499972121862144
1197196961713135617
1197095740243369985
1197081122653528065
1202235602395156481
1234990121125990400
1197273401649446912
1202222267222102022
1196374330185338880
1245425366296072192
1273363743032913922
1245643670340042758
1196507892364521472
1202107472938459136
1202185941114400769
1197658258162536451
1241077545828855809
1162312396037414912
1231888148801740801
1231366074152751104
1232019972735610880
1273403752482045955
1273337685088833542
1265937148164915200
1273567735256137728
1273502543944077312
1235202929252069386
1197051609236328448
1184479749193818112
1196571708469186560
1197075042967937026
1162281656708820992
1245621629654188041
1197225493445132288
1155357505842831360
1155540659073409024
1196503419596484608
1155527458910851072
1184546436056338444
1204386280647352320
1204409915109851138
1240926274085888000
1197781795904864256
1264456655791689728
1245439018818572289
1264544862466183168
1204497374774800385
1197612880608321536
1240933073551851520
1174623773728919552
1204367480640151552
1265906378956308481
1197185784006107136
1264474965992181761
1155226760595890177
1155423841436536832
1184547088526401537
1265949121879441408
1245624731543326720
1155533052224909314
1235203751134334976
1196419903236005889
1162416610541559809
1232053488990982144
1235189379708178434
1174648719943319552
1197438386765778945
1273609904046190597
1162410807231205376
1273522072040300545
1245440820385382402
1197043920435400705
1155229282999758849
1197586570985033731
1245459839829958656
1197432151630917632
1241008419580018690
1245454439105925120
1263817276438073344
1196513834405634051
1231996336486125569
1265919409153085440
1202013543098224640
1235268545933643776
1240915620130103299
1264594166778134528
1184521510209368064