id_str							
1241808428776984576							
1262048948702842886							
1241365684174585856							
1246574259553669122							
1261957219547054080							
1157565372423270404							
1258255136704598016							
1263833281977556993							
1197297754692829187							
1158091304049553410							
1157616725233324032							
1155214120561651714							
1231785441034153987							
1162424908938448896							
1241705950161047555							
1196516951289405440							
1186749194473742336							
1258383294380548096							
1247164822166179840							
1204483181170298883							
1258669709718847488							
1210623846862270464							
1157580613504950272							
1263805897995845633							
1235196148580855810							
1258686771250057216							
1231881742782541824							
1241664563986259970							
1210996448805961734							
1247289817014165514							
1241507516896468994							
1265891249137111040							
1262135165180153856							
1258041300592537603							
1184580193027014656							
1210682262800519169							
1210476219499786240							
1245619842746466310							
1184543542934413312							
1236355726735523846							
1262155182990938117							
1247194838480703491							
1265931966198800386							
1220631839204954112							
1258327351924076546							
1203008156772818945							
1211039650640539648							
1258431168329981952							
1202164985411055617							
1204323542747271168							
1155491191452033026							
1257989890727464960							
1155490110995140609							
1202012525761576960							
1258448445213466624							
1197509640675844096							
1241387725422571520							
1261999279092256768							
1273294729631891463							
1258146421410316289							
1232713834764304384							
1204329019975589888							
1258776075183816704							
1210968979528986625							
1232041561841598464							
1264913328398307328							
1241636072813031424							
1210611436118061059							
1184576257687740417							
1158085207678787586							
1258016691918946307							
1157667381797445639							
1220745710066421760							
1232702200419356672							
1258789259223465990							
1273389965393768454							
1232803102127947776							
1258017160003289090							
1263858764345683969							
1158053229831315457							
1258494599758299139							
1246740351307714560							
1210267066487455744							
1155511208478461952							
1262121921770074112							
1258182542571814914							
1264579150330974209							
1258002663586828288							
1231999076117467142							
1196473198600237057							
1162470315445932032							
1197174209790828544							
1240942727447089158							
1158015291680600067							
1197306314533359617							
1241483966286307333							
1265918218323066881							
1220870182555607040							
1241468507163963393							
1204346820446629888							
1155561187922337792							
1196414064232140806							
1262142668295081987							
1155571746570985475							
1220696936845541387							
1210319847890010112							
1196354595083165696							
1186971202377658369							
1231921133966053376							
1246560460335386625							
1155264750957318144							
1210772028027891712							
1204494707553951747							
1155544548820553730							
1186899779214807041							
1204361949045235712							
1263767848259923969							
1246752476746973186							
1240906516422590465							
1162481892345745408							
1246709697991839745							
1241017235818401793							
1174493657648508930							
1241517555241619456							
1210879740229439489							
1196463451893325824							
1246523577492529152							
1245443598918844417							
1258454986167476224							
1232053540845236228							
1273327662686035969							
1265919297035124736							
1210682195481944065							
1197632729271226369							
1236001701724852226							
1186662820680732672							
1157577659167248385							
1265889108066525185							
1157566579191754753							
1262048741504225281							
1258453643776360449							
1162458381891919873							
1186656805759475712							
1241094248004562944							
1262114724008902657							
1186974613164544002							
1174638434331320320							
1241760945963237377							
1236292130567528448							
1246896549730418690							
1232748453811412992							
1258138909575446529							
1240971786948354048							
1157830932533043200							
1157672145759166465							
1241832271210074112							
1196333343325016064							
1197196488335601665							
1245406212675510275							
1246915293403738112							
1197837445091528704							
1162443670756429824							
1241777341279481856							
1236026904467116035							
1210822362251182083							
1155391787080527872							
1211009369900539906							
1236021422994206720							
1258181764767461391							
1262078825917186054							
1241721883940225024							
1241868039127289856							
1241283632540549120							
1210680183122006021							
1246827514380550146							
1247178392870555649							
1246704715389382657							
1261957267634741254							
1201985862159998978							
1241359411345530885							
1157714476965064704							
1197228589235748866							
1187076275028058114							
1246802933070671875							
1247274413327880198							
1162357585137328130							
1240983465039925250							
1155470115544227840							
1197580029980553217							
1262085153511350273							
1184462342916071424							
1210996702427136000							
1196531543134605312							
1210511709330427905							
1258163702936764416							
1258687005690658817							
1247060915977170945							
1155537237116968961							
1157650290511896576							
1210655588805496837							
1204346465428131840							
1241283306127273985							
1245487210377469955							
1162439914316845058							
1155234608562282497							
1246945337828200449							
1246568227901263879							
1241002007890202625							
1246560495542456320							
1264831054831128584							
1265933454581075969							
1211091178885660672							
1155453849936809984							
1247232788052561922							
1236218040704020482							
1264836162499248128							
1210289295426236416							
1241620525895606272							
1186901473822760960							
1236362990577954816							
1273431338398429184							
1162510722376622080							
1258326834682433536							
1196522868668092421							
1210257216848179200							
1158153213960499201							
1263749036881973248							
1174639493049176064							
1245441328944689156							
1273297929328111617							
1273543054528569345							
1241825200678805505							
1241421784836169729							
1246513390786416640							
1157549820338409472							
1162447781811892227							
1236147889593815041							
1240914303353528331							
1232084752976502784							
1262112549371285504							
1236222825507282945							
1157758966711103488							
1241440912540143616							
1210159913328136201							
1202233153257119745							
1220884371185512449							
1240909369837002752							
1247093631804149768							
1241081799985573888							
1264493811822202880							
1204257522464559104							
1196463850712907777							
1220844200247296004							
1247231828492193797							
1155474962649686017							
1236310407641468931							
1236360738421309440							
1210634750597222400							
1262134233524588544							
1157893173466816512							
1235103933468569600							
1241438499024392193							
1187088981449723905							
1162508218389663746							
1258555600381849608							
1236328446026006531							
1246887425928019971							
1241148377871593474							
1197494965892460546							
1162338022815424513							
1210629369380646912							
1261996787256131585							
1157808699710345216							
1157735796998385664							
1241837296275656706							
1258032927050543104							
1258332419008200705							
1273349999817089026							
1231902939964493824							
1263863948060786690							
1155372536433127424							
1184489304766210048							
1210600142333763584							
1258684473748729856							
1174683268874158083							
1273357909573939200							
1246792899897036802							
1187110632149213185							
1210958838347812870							
1265900342904008705							
1210527928066416642							
1258789454669647874							
1241343584340762625							
1235261315846934532							
1197859357788196866							
1240919215235874816							
1196347130497159169							
1240932600304279552							
1241572592726745091							
1241742193397809153							
1220864714122711047							
1245458025869123585							
1210735800700170245							
1204301211073236992							
1241703820108972032							
1264457877038735361							
1264519875923509249							
1263724482004488193							
1234982600285933568							
1264582933941288976							
1246701835408326662							
1247286287209500673							
1197223915250167808							
1210677918734671873							
1241404832713445379							
1196330677567967233							
1157691033544794113							
1162303610803433473							
1273364234429247491							
1155266642928111617							
1241458531833909250							
1157668585990434817							
1241864532101935104							
1245617493957206016							
1245635144548925440							
1241716297366417410							
1157774757569413120							
1204313590045560836							
1204305968986763265							
1247160209262276609							
1236265490781265920							
1231895847899717638							
1264922747517485056							
1197815884334747648							
1202223020066181120							
1155225082719027204							
1232765489719521280							
1247257415206285313							
1211058847005257728							
1246894513563537408							
1258431231215185924							
1241791105798213632							
1155307565590417409							
1155403888222248960							
1246741788729266179							
1258173766997286913							
1263736543828676608							
1197232874539438081							
1204455269327101952							
1204345211369017345							
1232064352376762368							
1247039383775195137							
1220824236203356162							
1264838993780387840							
1204452153500274691							
1258744010740465669							
1196564766829031425							
1162443882803748864							
1264902112992952320							
1174617039136329728							
1220775895180378112							
1210743375751598082							
1158095860993003521							
1210161261218013185							
1258470603356622859							
1187085816981532673							
1157931348339908608							
1231967102199910407							
1246762654661840898							
1245636092734263300							
1210860646956449792							
1202102861548666880							
1246801284956635136							
1210675225597284359							
1186965584543715328							
1184566328209936385							
1258757549400231936							
1162265835114659840							
1210160867804897281							
1162389210294341632							
1157804704283467777							
1264446712824967168							
1220683048548782080							
1241026590169063426							
1236337907776073729							
1241685762376171521							
1184509309335592960							
1240896936825065473							
1264550950947172352							
1157894100315758592							
1197124733843709952							
1155563211615330304							
1174562541319725056							
1241832224242221057							
1158179343039967238							
1210860884760895488							
1240933311645716482							
1258080894050598912							
1197798780470538241							
1210799380879429632							
1245621690555498496							
1264917022443479040							
1158116488802439170							
1210517283476508672							
1262049222465118210							
1258832695917973509							
1246688587380375552							
1264452776232390656							
1261944014040977409							
1232040755771953153							
1246549241209720834							
1162519286218469376							
1162446505963413506							
1186902819888095232							
1261982787973808128							
1247060862730412032							
1210136585007702016							
1264921454547738625							
1162468676857204736							
1155549014215077888							
1210172734405259265							
1197831946086338560							
1235096081974910977							
1197424342000377856							
1187074474321104896							
1262069283162599427							
1236222446518362114							
1210923288559542272							
1210210090533474305							
1157899069005733890							
1246847683261878272							
1155491107339476993							
1241120014985498626							
1158003823388049409							
1197055414522830849							
1246751247115390978							
1264822800214351872							
1157915647092961281							
1197616157232160768							
1241439749291806720							
1157668773379399681							
1258790892665741314							
1241765467330457601							
1210555533532499968							
1258695285590700032							
1241424599826432000							
1258682001768558592							
1241750862843781121							
1210698504911380481							
1210712061669519362							
1246568883810701312							
1210083684168224768							
1196435720379994113							
1235140498064474113							
1197413140180488192							
1162465822767497217							
1157703413636960256							
1258724856604045313							
1162286072857911296							
1187052420532228106							
1264560956358701057							
1210914543343472640							
1236022461151490048							
1240928761618616321							
1246753965540364293							
1197234825771528193							
1264561523164413953							
1204318214429323264							
1186959073301925890							
1264602937118068737							
1220741475786543104							
1220682390168834048							
1241509215354736640							
1210864894528147458							
1264553803665362951							
1210124034375135232							
1246768241843884034							
1264485725074001923							
1234988739010543616							
1246748282287726593							
1241069382928756736							
1157577235005616128							
1246766214279565312							
1231867449022320640							
1155513955877564419							
1236301647590064128							
1210658648126607360							
1263722602373230594							
1258540213766197248							
1155362635434594304							
1186944371490512897							
1245549664859979778							
1157554565409116161							
1258721383502225409							
1246559139217711109							
1220708103030759426							
1258637375036624898							
1155423275079622661							
1210666658190237696							
1210138421173338112							
1204305669282816006							
1202181735401828352							
1220612158456811520							
1258762298920927233							
1241444829743235073							
1247117148276867073							
1241491567044628487							
1241105601721237510							
1258638043906478085							
1197170679981969408							
1258122287947096066							
1241082803514736640							
1246978239622516737							
1197064259898892288							
1157959579239690240							
1231946933142458369							
1241797151564402688							
1273295024449556481							
1241054967802314752							
1162345195339468800							
1246844018513805313							
1197573782078185474							
1155388510276374528							
1155559613321924608							
1246921522582863878							
1158128654976782336							
1263827547831361537							
1211006912550051846							
1232029866784104448							
1241646975772168193							
1241415829289422848							
1210546750357942272							
1158042470858600449							
1236055860109086722							
1263631860804071424							
1236360333729640448							
1232069771908218881							
1210496658146025472							
1184512743694569478							
1241291093637058560							
1196545564055416834							
1258133901966540802							
1210460807462608896							
1210467531682652160							
1220569860134096897							
1210694010278498305							
1246728478508146688							
1196363353196843008							
1186960698959630337							
1210307477415309312							
1232751542668754945							
1155537829973372928							
1258175625296318464							
1162418136643244033							
1258081458704592898							
1246882236563107844							
1258695438418485249							
1211085308231598081							
1155438666526932993							
1162409517109383170							
1211015166848126976							
1236357813733134336							
1258546499501211648							
1246586081195294722							
1241365751686144006							
1241654700262522880							
1263863652932890624							
1258513966831030272							
1174644914900144129							
1241656431134285825							
1241069917627207681							
1210629106565632000							
1258843989404508160							
1220666232967499776							
1187145637281914881							
1186651485339148288							
1197656095491313667							
1184510111311630338							
1210108513348968450							
1186974200206155776							
1157955641186684928							
1273351643678093313							
1157733729541984256							
1231354301152473091							
1262092102189699073							
1197408770441318400							
1264573374736609291							
1197096991538532352							
1196468803061919746							
1162431082706415616							
1202101274776395776							
1186885500029853697							
1246931692826374145							
1241812284940398592							
1210512006786228224							
1245479750740717568							
1220831339487866880							
1240910238603186176							
1262165817833263104							
1210502868429443072							
1240945850668535810							
1241373973239279619							
1258378466677964801							
1158083096836751361							
1186789962731130880							
1197419944989859840							
1184505142013546502							
1246765533703397376							
1162271683392073729							
1155573317786640384							
1162278686806048769							
1264569609476280321							
1245488404185460738							
1241303540406145024							
1204374886296309762							
1187064647171657732							
1258711402887417857							
1263700512882528256							
1197823269476405249							
1220540418368135168							
1241080932477566979							
1241334305001017344							
1246534096282624000							
1155466295862792192							
1245415686861717504							
1196564696725364741							
1157991890983313409							
1262026194494636034							
1210128813352509445							
1232035863690915842							
1220643595591524354							
1232787102410137600							
1241688573621002241							
1211060806563094528							
1197634916722319362							
1264510781502173184							
1232788600619704326							
1241655118166179840							
1210232023366819847							
1157931704461471746							
1246766588449226752							
1241418375147991041							
1174574758857453568							
1186683328432427008							
1155482051031834625							
1264522331692642305							
1240974485936881665							
1236298758285033474							
1197832774528503808							
1235005279261077508							
1258361003445833729							
1204294890672312320							
1241065332825096192							
1241140629268238337							
1197389247185072129							
1236368724367757312							
1210182025329729536							
1210738081566875648							
1231937259215183872							
1241136753697861638							
1263826621007609856							
1236161476085284864							
1174608508312006656							
1155401688699854848							
1158107907008978946							
1241409078317977602							
1241497061519843328							
1258688351495954433							
1241401157551108097							
1241053115476049920							
1247052310347472897							
1241301945463209985							
1232035964584910849							
1241360124423307266							
1204334528258547712							
1158149394937655298							
1210879502244556801							
1162289619620306946							
1184529367277490180							
1262168640457236480							
1210138551947534336							
1197621622284394500							
1264509763691347970							
1258100565789335554							
1265848663743528961							
1197512319506538497							
1265995735507570688							
1220810380185915396							
1158080115647139840							
1263609108189655042							
1186685911054143488							
1220634229173866496							
1186678875901906945							
1241644411387346945							
1264862006651297792							
1197288354418765824							
1211058903980675074							
1258704551986724866							
1184528378214408193							
1258821593230385152							
1210719004194557954							
1258744089496948736							
1246944744053317632							
1232693363071168518							
1245397580290367489							
1220785843687907329							
1241462051295371265							
1246799266728873990							
1258362330901098496							
1234990065421434880							
1247110703091265536							
1258325410913419264							
1158069883789295620							
1204388730108293122							
1155510432616067072							
1210221700668968960							
1241686313876836352							
1187089198337155074							
1220736329128009729							
1155543105636118530							
1258132165969285121							
1174619993897611264							
1196382036568748033							
1197482593912008707							
1186774616586498049							
1197733551195725830							
1210283719149441029							
1264561903646511105							
1158102212750532608							
1262098402160107521							
1196353785406341124							
1157540540520550401							
1184540957942931456							
1197109593316438016							
1197556048665677826							
1220697651240493056							
1264563732098748419							
1258657010775724032							
1155397071870013441							
1174566062454710275							
1236374016157458434							
1220732056075952133							
1210179115850051585							
1220586993362579456							
1246600334090346497							
1197767476848795648							
1241050572918345731							
1204433659559923713							
1241182640637689856							
1245423659956736000							
1196488818536407041							
1220717472090918917							
1210799196577488897							
1210992247442989056							
1197471174726504448							
1258809563190562816							
1240910031182278656							
1241300964667281408							
1241504109901070339							
1264915694749188097							
1210205112527990784							
1211082488908529667							
1247244457445130240							
1197888354186125312							
1264571113616613378							
1241458466843250689							
1258326039014641667							
1197542100759396359							
1186777195945086978							
1245471609231728640							
1246904232097300480							
1246515982983708672							
1210289903726211084							
1174461424732692481							
1232728007346966529							
1258323725784690688							
1236095189183275008							
1264537223065731072							
1210573245319176195							
1157695428927873024							
1158100905558007808							
1157543992084615168							
1236317557226901504							
1273399215193034752							
1155637066098720768							
1157453611179368448							
1245412414214090753							
1241015703420968960							
1258434438888857600							
1155313806526046208							
1196383133769326592							
1246529691068108801							
1203041076522688515							
1197206602375467008							
1158184542957658113							
1236214572928962560							
1231941216125759489							
1196415041991593985							
1247212003292262400							
1231967938032349191							
1155279430572498945							
1158000224650051584							
1262116063451451392							
1236018833829376000							
1197052270048940033							
1196480522731610113							
1258158756673867785							
1197626188153458690							
1157684058102648833							
1258265230662160385							
1184529023537438720							
1158164826134339584							
1155259399788740609							
1157598031073751040							
1220663404224040960							
1203012844125663232							
1197881618188427265							
1157679418917163010							
1155464302171738114							
1265883711343656960							
1157545965802446849							
1174596180535369728							
1240923747554639878							
1258637898657783810							
1262008930517028864							
1241013867943247872							
1263772479702646784							
1273522088079491072							
1210862656388775937							
1162318547294572545							
1241450411707568130							
1157752168704827392							
1246725097400000512							
1246553362256052228							
1264926075890565121							
1246907700329484288							
1246695674047074305							
1241108509862899723							
1247119935052144641							
1247136065405759488							
1157698024187056128							
1262073164680630272							
1210207484402700288							
1210986598533390336							
1197406019275636737							
1157572321630199808							
1258422676932214785							
1241092412459663362							
1263722972105367552							
1220825606604148739							
1241478290076061706							
1246555497496444933							
1241833634673364993							
1157738836543385600							
1210674765456957443							
1236239538999234560							
1202214762517540865							
1258605434681929728							
1220562924227518464							
1258679436427300865							
1204352714026766336							
1220618652573229058							
1263605955981262849							
1232047608497156097							
1210989476371214341							
1258465683144413184							
1235203116972331008							
1258375426084425729							
1236063589011685378							
1246793977455677448							
1236375142885928962							
1186873239751905281							
1187119758099046400							
1258519234033758208							
1155283327034769408							
1220656311924404224							
1246885417514926081							
1196584936234475520							
1235183004731011072							
1246747146952609792							
1245469087502938114							
1157710409572503554							
1210143110010941445							
1235028806064209920							
1157918339609563138							
1232731686707879937							
1235249788578410501							
1157991065942712320							
1245399110141820928							
1220819814601633792							
1265908980108406784							
1197656904375455744							
1240939418892075008							
1174639801745772545							
1265988231025360898							
1231932204961423361							
1232790827384090625							
1210462396726358017							
1155584111937032193							
1210157659942465536							
1236033077224386566							
1220811729623535616							
1197273880060137473							
1258651632063127552							
1155421307321892866							
1197472265186635776							
1155509207883571202							
1240916705112719361							
1174625125863440385							
1186717458188640257							
1187106153068716033							
1186985164771082240							
1220834538693255174							
1197643687477559297							
1240940293458886656							
1261933351780470785							
1210365570383831040							
1264602036743606281							
1203021310785445888							
1196361008488599559							
1246577084111245312							
1258031132848857094							
1162325920331587584							
1157614117471096833							
1186786752440262656							
1261988926811705344							
1258453722671300609							
1155450653738774532							
1240918988487565318							
1245468798003507200							
1241788350517911554							
1203020913760964611							
1186845602317029376							
1210217799987142656							
1236200755423567873							
1157747706405801990							
1155564193074110464							
1197553402898735112							
1241655403873738752							
1186651940400386048							
1162290771292241925							
1262046185277317122							
1196576774748090373							
1197237464001327106							
1236275642984955904							
1186943069830168577							
1241807093071581187							
1240926471373406208							
1210157481525202944							
1241642446917951495							
1210662395326214145							
1247270862853726208							
1157649958050369536							
1197886589935992832							
1210333692842958850							
1187110865830666240							
1186948856245825538							
1232045353928622086							
1210638573248094208							
1264479303611437057							
1257978515967836160							
1210843109443158016							
1174653312429416449							
1197849507691671552							
1273356525688496129							
1186920074822729730							
1231355125928779778							
1210948497492660226							
1258670041383518211							
1236029680999952384							
1241476919268343808							
1155429181439840256							
1186992302721511425							
1241783772540002305							
1241299635982958593							
1210146492952010752							
1246741777375211520							
1204332039455039488							
1265987388288966656							
1258511018948354049							
1197904753335980032							
1236224069093273600							
1258206027247476737							
1204470560308289536							
1210555737430249472							
1232034565826412552							
1210222396944326656							
1262137562069716996							
1258055347341873153							
1258319591748644866							
1236257143512338432							
1247122306197065728							
1210846623250694145							
1197243725891670020							
1241666739252998145							
1210170616680255488							
1240875249874415622							
1258522394483806209							
1204332162067128321							
1210150767065260032							
1196562113428369410							
1155386011913994241							
1210556538454265857							
1210841598445129728							
1210434121325039616							
1210188777148342272							
1246759148441735174							
1263858113410732038							
1203002125170679818							
1157912698472030208							
1186761176694296577							
1231948164699217920							
1258362346503917568							
1258791175068188677							
1210837925270827008							
1184568460266889216							
1231372211971338240							
1174655736711995392							
1232702574068891648							
1235191339567869952							
1257990238183489537							
1211038737339170818							
1246890909888847873							
1187057856425709569							
1155531340609179648							
1220822384976060416							
1236373435804266496							
1162339681796837377							
1258198195265507336							
1220821924097425408							
1240894939367714817							
1197647341626544138							
1184581082768924672							
1261992628201181185							
1241137571801030656							
1157569386758201344							
1258368691005206528							
1235164604910768128							
1211019983557410817							
1247269220817276938							
1197461973589528576							
1261935705577656321							
1186972916627464197							
1220625380178042880							
1211026813004197888							
1241385476436701188							
1258332593466073088							
1210252066683281408							
1241516021640503297							
1232749983977238529							
1158047105166053376							
1246588972173856770							
1245626930470080512							
1246881865849602049							
1210661191313494016							
1245426452130148357							
1245486754011979777							
1158079995748728834							
1187036067440013313							
1204439276689059840							
1203019786894139393							
1273349944754274312							
1247069256749068289							
1210525705576034304							
1241562387024666624							
1232695963875237890							
1231860505905684481							
1273308887333187585							
1204353443093196801							
1186709919053037569							
1241493844132335616							
1241657347174543360							
1241660032170840064							
1262062649334018048							
1231340902527983619							
1262038605205327874							
1273486718763663360							
1202998967879000065							
1246789463449243653							
1231850792497401856							
1184542071866179584							
1157735505578135559							
1245426201369419777							
1155584324638564353							
1162268153172283393							
1258743879844737027							
1155423289231249414							
1263752250977071104							
1187100600703553537							
1210667286345977856							
1232756177991237632							
1264809767081574400							
1258514950256902145							
1263836022129004545							
1210799727752540160							
1158090304001630213							
1204431709049118722							
1241621051827781634							
1197473550321541120							
1232793719147057152							
1157948711135318017							
1187062344238673920							
1210333829740847104							
1258823031121731590							
1247197784081674249							
1197904151298084864							
1258123478479372290							
1155233485176606720							
1162473647149387777							
1210229024603230208							
1196366596215840774							
1241257550294679553							
1220626452086915073							
1157832675769638912							
1258695741243117568							
1273579033880600576							
1241690383781896193							
1246852263945134087							
1211025915448320002							
1262103550659829760							
1155561149447966720							
1241097716891029504							
1235150760763154433							
1264488984815849473							
1262049683461091329							
1210880500493176832							
1210559461594664960							
1232711584428036096							
1220652860263800833							
1174648536471887872							
1197623228983848962							
1241409627625082887							
1186735206713171968							
1155544679330566144							
1247092809024364544							
1220836551434952704							
1187169985623478272							
1220674034704306176							
1262053638882680832							
1197850011721175045							
1245392312387211264							
1197593769790578689							
1157640082796503040							
1210561197998776320							
1246803145847721984							
1157713872410816512							
1158052295222943744							
1264554338640330753							
1247089870792798209							
1273321616970256386							
1197177466114183169							
1258701687793037313							
1232043515967950848							
1157570867993501697							
1246890184798547969							
1197527630209261572							
1258428659158974465							
1232733629903769600							
1196337908216729601							
1262122446263549953							
1184564535702806530							
1241460684606627840							
1201992858804391936							
1162276457122390017							
1263582630911438856							
1241733443047874561							
1204478741017190400							
1273390236450598913							
1184498432205037569							
1210179195550216192							
1197476155424739332							
1246525699713912837							
1241642257951973376							
1258669819488079872							
1162253619694952448							
1236364281605771264							
1261941513468207104							
1186897692909277184							
1210846792344051712							
1162454061595209730							
1197470476035133441							
1236255581633208321							
1186951491996831744							
1263594822977286146							
1162421559031734276							
1210977520893464576							
1210491546799394816							
1232052309934460928							
1162319996615372800							
1155506746926030848							
1157623051116253185							
1155577904853651458							
1155476750618562565							
1241132196234252295							
1264499510304260097							
1197163023372312577							
1258145309982699522							
1258141575936225281							
1162432474665951232							
1210658044113293312							
1273597996048023554							
1211037337792196610							
1197703245814255616							
1196347817570295811							
1258693922362142720							
1264896812525203456							
1264533567708762113							
1157755854080421888							
1258247675155222528							
1236045076171763712							
1162456423688802305							
1210904773257498624							
1157471621814337544							
1236370447740145666							
1263792233238708226							
1210210712599052289							
1231873416984236033							
1245437643640504321							
1186747989970341888							
1197566925238362112							
1196338632451379200							
1157755104843509761							
1264784766718615557							
1155258908199591937							
1241301614327103489							
1241457231176048640							
1246740009044062209							
1155232613864497152							
1264896200773337093							
1273334431147864071							
1246869399736406018							
1265880864858296320							
1262083487110217734							
1264485665829531649							
1197602692450979842							
1246761050973798401							
1162418309658267648							
1263733210862804992							
1220674618941411329							
1197486460842192897							
1197436977118879744							
1197507084255932416							
1197901248294457345							
1258746233411317760							
1204280181768232960							
1241815929102753795							
1241301701258182663							
1155604003067224064							
1245440835149324288							
1258507810637135873							
1186695905342382086							
1157753595787468801							
1258690032367476737							
1210263813280423937							
1258515562960830465							
1258686208173056000							
1220640874880798721							
1245497210730680320							
1155546562946371585							
1264595035733004290							
1264843543627038721							
1174569299140337667							
1155422007456149504							
1236274784440328194							
1236243886386929665							
1184548119528300546							
1241844742507372550							
1246861764475617282							
1241011567820447744							
1186774298159124482							
1157951308239966208							
1202006615353962497							
1235148305140723712							
1258104243531153413							
1240965708420349952							
1157723667591286789							
1235999164191956992							
1247298443460173825							
1241790964315848704							
1155501986671943680							
1258678457430609921							
1197199777013870593							
1245428112390852611							
1210323813247967238							
1264472494217535488							
1197244053919809537							
1247075673992298497							
1204435708708085761							
1263785735854972933							
1258152443357155328							
1241319197549965312							
1232039452509442049							
1263800080177532932							
1155512933197238272							
1157922489173008384							
1196609547743432704							
1236221157256425475							
1220632800287653889							
1258512716622225410							
1258145518900969479							
1196550773318000640							
1273295625069740034							
1241404808000659457							
1241103589810077696							
1196449289049907203							
1236283055511306240							
1241693280095657986							
1211013055829696513							
1240955096277700608							
1155479597267456000							
1162300073528705029							
1155353180877799424							
1263788965758414848							
1155301760501780481							
1186978550307590146							
1158155087769952256							
1155585332500471808							
1157803561834688513							
1241182021826871298							
1155512293330956288							
1245440820385382402							
1184505065052213248							
1245490408194482176							
1155453229251072000							
1197552475416477696							
1202008037462073347							
1155569603533320195							
1157626164787240962							
1220662591246282752							
1263862492574429188							
1235007071386513408							
1247088062942896133							
1262103567638421506							
1264613256133521408							
1247262245937123328							
1232084846496882688							
1157932576755113985							
1240979653680148481							
1232062009967026176							
1246856747249217538							
1258728194380902403							
1186714225294692352							
1210678953750540288							
1187015127721283585							
1258301952649236481							
1155434034975129605							
1258746970912501762							
1155645469751689217							
1155580871925272576							
1162236838855077889							
1197638050303676424							
1258317224051384320							
1231371203228717057							
1264843305407467522							
1241306563685634048							
1196463578292932617							
1241546764328583168							
1187135454488997890							
1210320041058672640							
1202192293580726273							
1184477366606798851							
1162422851007393792							
1155418824633724936							
1264506900776923137							
1246516674104299523							
1261945666152157184							
1220722241404534785							
1186690913147461632							
1184576937378877444							
1247146113616011265							
1245404798603722752							
1197808463784685570							
1220821759580164097							
1210329597243514885							
1197137842683760641							
1246851755817807874							
1257984336990781441							
1157802733904322561							
1184576899399540738							
1197164767833739267							
1231788545431539715							
1258491445608173569							
1197102267113123840							
1186750110702755841							
1186750731371601920							
1236252595708100610							
1246742101024550916							
1246538768636616706							
1241648050470301698							
1158099048555077632							
1162329238155988993							
1197209688045162496							
1258107176805183490							
1241685364974268418							
1187058980058730496							
1264517423534870528							
1258670615898267648							
1264829988852903937							
1203040378452107270							
1155562299182198785							
1197272383456976897							
1261927509421174784							
1155251707724664838							
1264574769242017795							
1174472559770947584							
1157595244185227265							
1241145412200869888							
1258487527180251137							
1210900238871007237							
1162295620134219780							
1264914431785553924							
1247214181088219137							
1236066405843374080							
1246826633295728641							
1155545969980792833							
1231845813069983744							
1241265016181067776							
1246593420388376577							
1204401604826402817							
1262041488457957376							
1258828320545878017							
1196533173573869573							
1174635459143700480							
1211032027325177857							
1210896437673938944							
1235188900446064647							
1155519219401920514							
1241485077365829634							
1258383794874310658							
1197375987899650049							
1197428322789138433							
1247258906621030406							
1196443617772154883							
1197499551474683904							
1241716489272676352							
1210564242790899712							
1158109526182285312							
1210902491015069699							
1210988990603640836							
1187134023618961413							
1204487654475259904							
1197794757327704065							
1258750306923380750							
1246810247769083906							
1158083205242728448							
1197163500038238210							
1211049402795745285							
1186755989908926467							
1210901660651925505							
1162479416863350784							
1220727202175647746							
1211089057264078848							
1273590946177974277							
1246895620910133251							
1197210378968678400							
1241450105271615495							
1240914187871612929							
1236237875127123968							
1210317271912108034							
1247102335232417793							
1210916654688931842							
1174473453203836928							
1232741054400651266							
1186743923529662464							
1241331202994376704							
1184527189934530560							
1155398040771055616							
1258047491263660032							
1197069349049253888							
1157971035934920705							
1210142242775715840							
1210869323012722688							
1241480562184945672							
1210144075439104005							
1246548069576925184							
1263841350660784129							
1263773159209172992							
1162411076903931910							
1261955035518418945							
1155397177503621120							
1155584208594710529							
1236246657873989632							
1158110917672017921							
1247074370838761472							
1246543757367009283							
1258147270186409991							
1157597186689052673							
1210332425567555595							
1241366069786423296							
1220810976720752640							
1241143318068760577							
1258108193185595394							
1204393185360973824							
1240982202659332096							
1210732047578255365							
1232003982807179273							
1241309191500898306							
1211046758836342784							
1258165123442774016							
1265994239474905092							
1236300259355131904							
1264519283268300801							
1273509107882962944							
1157733488885411840							
1245486909855580160							
1273580160751742976							
1174597774870028288							
1210246395812360192							
1245609139822161920							
1247201607483379713							
1157959785913966592							
1210897505795411968							
1245474621270495232							
1220703956290146304							
1220886509018062848							
1197497498098683904							
1246545887540776962							
1231909926068510721							
1258637767837442048							
1197847113239015430							
1232063175979405312							
1240963528435085314							
1155607143179010049							
1155587805613121541							
1204488484901314560							
1211059109505748992							
1236374503971840002							
1246557518500954114							
1241670660050558976							
1241677251927736321							
1155377978223792130							
1241770834387259392							
1186712581848911872							
1232797110363467777							
1258736191064719360							
1273574193171517440							
1245458854437060609							
1258416086543892480							
1157640325290180610							
1236101342348873728							
1258384288153821185							
1197646854101573633							
1258397144488325122							
1241791250828754944							
1273279346065772544							
1210570480383676423							
1264510339716169729							
1258637943230603269							
1246768493946646528							
1220662029641560064							
1241261671718572032							
1264585114954203136							
1245632933819342852							
1187120516433403904							
1261969464226177030							
1263808445393907719							
1241469562253705222							
1263742191710752769							
1210998565897674754							
1196536839601033218							
1245464047497236480							
1241863321369882629							
1197595715364626432							
1258469028349296644							
1197418896887816192							
1247181259119513602							
1204458518000144386							
1241696031148040192							
1157984568357675008							
1245621317325295616							
1247247498609135616							
1157543486851342337							
1241089332942983169							
1258773667472969730							
1162493330745450496							
1262082474676543489							
1241709984364322817							
1258151771408666625							
1157758998470377472							
1196424867496841217							
1241809756639113220							
1273595020277415943							
1240930733465747457							
1186700582582661120							
1246851456109629441							
1264515800775483392							
1258645126404071425							
1201992766978441218							
1247285545044185088							
1264923218227474432							
1258816689292152833							
1186689159395774470							
1258116454760800257							
1186891310164254720							
1241862531431501825							
1258506258417455104							
1184569158597599232							
1155632921690198017							
1204350749175664640							
1204318918027988993							
1174577081604366336							
1220693412917235713							
1236006118301872130							
1258626312362758145							
1247215981677682694							
1157910694739828736							
1245429727910903808							
1246912160543977472							
1210633488740888577							
1245424657353920513							
1246728486930255878							
1210615789172248576							
1158064038607282176							
1155367487627767809							
1263834708569456641							
1246877568046899201							
1197465890503217153							
1155457044805238791							
1210308636494487554							
1197570708118933506							
1241031819547627520							
1273329921201451010							
1162493175522574336							
1162265675269734400							
1245643627734286338							
1162459575267856384							
1265943550795165696							
1220786668627746816							
1247058350958878720							
1245457400737550337							
1210157895083581441							
1258844768601288707							
1201995614147534848							
1258712537828294657							
1157797255153430529							
1273289481697865729							
1155576971453247491							
1235985090821439489							
1231829758067040256							
1258737689609883648							
1246760955373117442							
1241421176708173825							
1258317371166654464							
1232787559949926400							
1184558283564208129							
1231854004004622336							
1162422995182374912							
1155543231591067652							
1273606068787175426							
1162448898516037632							
1236370865295691776							
1162465691171270656							
1210268046520135700							
1263841654408122378							
1232021257325076480							
1236356139589218308							
1210312487964487681							
1196512468819943430							
1204343278272946176							
1210890813561024512							
1184566753319424000							
1220718415268208649							
1232710160822538242							
1241463252489367552							
1197714127524945922							
1258813699864788992							
1241353986327920640							
1241100137491038214							
1273312347952680963							
1236157035923664898							
1184523599790653441							
1264585252242108418							
1174614849965494273							
1240901487091494912							
1202159881513504768							
1246743192306954244							
1197075003008864259							
1245433047887028229							
1155444293093462017							
1236201304470544384							
1157975603364147200							
1197638379799797771							
1232037991805267975							
1186659646750285824							
1273523990632562690							
1202164432694128641							
1186963531322798080							
1202180317290934272							
1241501354352312321							
1187119511595556868							
1155570009780948995							
1202012295695650816							
1264883660299423750							
1197083237769715712							
1197874817766240257							
1246834869168148480							
1231926478373294080							
1235046459235393537							
1220764146767142913							
1203033197816274944							
1246639840353030144							
1196528381921247232							
1263673432694231040							
1162431327796420608							
1162432107110703107							
1245429698110332928							
1197148533679382529							
1210298898591485952							
1258140493495615488							
1202079823453184000							
1262050263843647495							
1246716876094406656							
1241115126968836101							
1204299130924937216							
1162458187775324161							
1210734800232841216							
1262002877700231169							
1262111565257588736							
1210522475789987841							
1241136390655664128							
1241684271817011200							
1246846158108057605							
1210125795345227777							
1211103209080721408							
1186743875198767114							
1232041936996925444							
1258780743364378625							
1220604941464743936							
1246831443021529090							
1235165906680066050							
1247243173006622720							
1184542591385292800							
1241808235927044096							
1197896919525277697							
1241081438793084928							
1246726636353044480							
1258705936706830337							
1240930850902081536							
1210892905516273665							
1210196771898634240							
1197315380454285312							
1210170977654624256							
1157711661215756290							
1186962243931508737							
1246745210815684608							
1210344608795901952							
1258682181280509952							
1196556401386098690							
1231936805513125888							
1210963650988650496							
1197675824855556097							
1157728688798130176							
1263766076493647873							
1197407141499412480							
1157603164713115648							
1210332241727041537							
1263693121331908608							
1273332538673696773							
1241483027936673792							
1235141375567572992							
1196348726438170625							
1241701275558912000							
1262161622514184192							
1184541697163837441							
1162359066510974977							
1246540533478109184							
1162344737799643137							
1258412695633657856							
1196380575097114624							
1231386340819861504							
1245424556938088451							
1162268441409015809							
1210900848768946176							
1246759571223347201							
1264856207006879745							
1202997060737347584							
1232058881318236165							
1236264880803647490							
1162287867160190981							
1261961090256310272							
1197253838765535234							
1197565350126194690							
1187117433263476737							
1273296853220687873							
1246724661913796613							
1220750714416377861							
1235115277538545664							
1241480464759541760							
1247296393368285186							
1197261697683263488							
1204390849758543872							
1197230484075487233							
1261941448993357825							
1186808544097648640							
1186658933727006720							
1162281851383238662							
1231892580163620865							
1158088305742876673							
1241593786729365505							
1245582408650354695							
1202208459124563977							
1186768692954238977							
1157969862326673408							
1210197958123311105							
1155372095657914368							
1241120534773018626							
1210634144528646146							
1210135859565146112							
1246946501617647616							
1210652900961243136							
1210983060545638400							
1203009949196079104							
1197195787790430213							
1241246056232476672							
1241097599542874112							
1258442629001478153							
1158175931237838849							
1210987176307101696							
1202006874272522249							
1158184874102181888							
1210719255198486535							
1155475110444355584							
1196481245963866113							
1197168532896854016							
1202109910504345600							
1232783815279620098							
1241870722529669134							
1157626711749681153							
1261933980183642114							
1197621939130507274							
1273548762145792000							
1258554731229777920							
1210733648636284934							
1210678967511998465							
1162454518304575488							
1236384175210418176							
1210900864908570624							
1197480301204836352							
1258014358506016770							
1158151792775049216							
1155595333327630336							
1264461845311750144							
1197666452637175808							
1264820210827214850							
1263803245643923457							
1232756183703916549							
1210348022061813760							
1197222843018350592							
1241849509627428872							
1196433881924325377							
1232037485879885827							
1210560442784989185							
1157558772786769921							
1202162842805440512							
1162320518453899264							
1258101181857103875							
1232029120806244352							
1264515816575447040							
1241730110178426880							
1263765706467946497							
1162468880301903872							
1158072221992202241							
1157970624767283201							
1186686693878878208							
1245430135710535682							
1241123474388791296							
1232014097249718275							
1157674150422597632							
1186929024355856385							
1196492124289748993							
1158016208052084736							
1235095703459753986							
1235031973753745410							
1236047959764226053							
1155225658932551690							
1265842336115941377							
1196546164524486656							
1246921760420835328							
1241793062231212034							
1232728378228297733							
1236334795715682304							
1235218774703460353							
1258671502091837441							
1264921411484876810							
1162498927381360641							
1210988533965639680							
1232794388415336449							
1235188287888818176							
1232034465519677440							
1197346429288751110							
1241115774556700678							
1240942419270463489							
1236377663390048256							
1245386518727983104							
1197569982588243968							
1157989894905630720							
1197480557594198016							
1241850170238779395							
1241811686123884550							
1197858230694748161							
1210225476108783616							
1220706269457256448							
1265918724634181632							
1220842278530551808							
1264582003187429377							
1241272375401906177							
1155440038420893696							
1241135161506439169							
1241767082351628290							
1232037757947727873							
1262007134549610498							
1197084551639633920							
1273347479656955905							
1162191779879370753							
1210592826892963846							
1273340000428527616							
1210625239966720001							
1232762731859763200							
1220835534014177280							
1241708311868825601							
1264842431889133569							
1258027816580452352							
1258502745973235713							
1241658812639129606							
1197278503470870529							
1247213670784000003							
1236296825537208320							
1158086657041666050							
1232802651336773632							
1241108442795986947							
1197154112942616578							
1273372486130860033							
1210533860259377152							
1240902173514518528							
1162437452277145601							
1203033088504131584							
1258686378570919937							
1258426422210826242							
1203013852067246083							
1210181629173518337							
1241815961600167937							
1204412862887690241							
1162464587641491461							
1241648338388353029							
1157577608487407616							
1235154389041655808							
1155555864411086850							
1264922840832376833							
1241114281057431553							
1258533973719834624							
1247108846063149056							
1197624991874981903							
1197322256831205376							
1155263710593769472							
1241159883694751750							
1155206636723744769							
1155644449025875970							
1241310776293498881							
1240977776288706561							
1158081838067388417							
1155509998014935041							
1210169912058142721							
1203038707869200384							
1258017737252777985							
1241184987728293893							
1232058661591273472							
1258691041944834048							
1263582742907777027							
1232713165072404482							
1245388495914491907							
1240964465010585602							
1247270281728667648							
1258041903402098690							
1210022105875701760							
1241187882586591233							
1258297361606025216							
1258801643128344577							
1241264388968984576							
1247011363622391808							
1245431078891991040							
1273595101420433408							
1241424236146831360							
1196529495244779523							
1162316164846034944							
1264587207496683520							
1155559943015153664							
1197523634111352833							
1196524602937266176							
1241822726890967045							
1247100456637251586							
1220784716418252803							
1246849595805704192							
1241662988622454785							
1158017850759663617							
1273371836936605712							
1258362471464800262							
1210352285148221441							
1197552979592790016							
1210498003531943936							
1273401856006512640							
1246734379063414785							
1158115817537581056							
1247134830992789506							
1162450479504416768							
1231993994260996096							
1202128962589220864							
1202214193946124290							
1197619406945366017							
1210359760555565056							
1158110601987706881							
1241609980010168321							
1241427038168330244							
1204391941435265024							
1262124585815805954							
1158054111184588801							
1262100318218788864							
1245451647578497029							
1241693025329459200							
1210277654810841095							
1157563863308677120							
1241505219961327619							
1203004573503279104							
1210677543113764864							
1273338577330601985							
1263822818325774341							
1245618508026630154							
1157929354489413632							
1186722647591272450							
1210655623852904448							
1162388550161240066							
1265911424095850497							
1210407480913727496							
1197646714607489024							
1155564364394635264							
1197408855610839040							
1162338703941001216							
1184520205583749125							
1246525617845264386							
1241036712140099589							
1236335210482094081							
1258673232502304769							
1155586881666596864							
1187117243865407489							
1204207155986993152							
1197624051923128321							
1264848228828266497							
1231841486930677765							
1241508121576722440							
1197643095858397189							
1211000861507244033							
1211107706087649280							
1264496066050826241							
1246860932090867712							
1210992121102123016							
1241271059032260608							
1232719556910731265							
1210201197195485184							
1235183124792963076							
1204376279417597955							
1246910398734925824							
1264486095938555907							
1246607850337599489							
1241721013278302212							
1162447931854786566							
1232762479102644225							
1247259220224901128							
1155442676881399809							
1174625743801860096							
1210908995168415744							
1247233805007630336							
1246716833677312007							
1197143432906641411							
1210990297003577347							
1186656270423646209							
1157589652859183104							
1247136360722554880							
1204485622574075905							