id_str						
1174631421308211200						
1162253308028866560						
1204350092490280960						
1197819610604675072						
1162230117747187715						
1155620740714156033						
1204280775744671744						
1197580573855891456						
1155543855263096832						
1197466510442352641						
1204336196656254976						
1264541855619919872						
1263772348412502017						
1273285301033730048						
1241219248376217600						
1201988172676288517						
1241023802504548353						
1162212143543934976						
1174453015337734144						
1197557073829093377						
1197355724201967616						
1184518107265671168						
1197515727974080512						
1155424195091845121						
1155401502208512000						
1273533823658135553						
1235093321254494208						
1234989328041791489						
1245571522904780804						
1265863679318392832						
1235051424997875712						
1202045530962104325						
1196538864476839936						
1197235073193566208						
1155249828215054342						
1232028230204284928						
1162475350250655746						
1264539050368696320						
1197003702114107392						
1197532342451146753						
1155209039510421511						
1204271072268423169						
1232068516565659653						
1155451397971828741						
1197140854298882048						
1245441238540615681						
1264461947338215424						
1265832316275961857						
1232069558942474249						
1273429685842644992						
1184507778141958144						
1265887935041286147						
1162465097945669633						
1263630276154048513						
1204332570193879041						
1197807194097491968						
1245428798927101955						
1155492935045193728						
1174655574962843648						
1231869036356677633						
1240918543304216576						
1197288249288470528						
1197214376568246274						
1204334014443794432						
1174581645514608640						
1204377513872506880						
1162331981482516481						
1197490970432020480						
1174493079241461762						
1196475813824270336						
1263837001746448384						
1241240946802675713						
1197285759293820935						
1197787731583221761						
1273364931216359430						
1197766412078665728						
1231334807176699905						
1155525453920243712						
1162405252227842051						
1264488915282657280						
1202189945865166848						
1162178292897734656						
1197063849985421314						
1265884252199178241						
1197571613899792390						
1241150436905758722						
1155395434170454016						
1202012589561176065						
1273387991726161921						
1155433227991080960						
1197077751674605568						
1273424939945725952						
1184558409611464704						
1197330137752190976						
1235145273434767360						
1235234642489421825						
1155634495598530560						
1245545597299556355						
1265911542199078913						
1232064897455968262						
1197156456166043649						
1245439641798524939						
1202115606931214336						
1155445052862320640						
1265815947149029377						
1197126925434720264						
1241165992740491270						
1241078728740016128						
1235128611474112512						
1197197775768883201						
1265850560055595010						
1265953091498672128						
1196589232476823556						
1232064634351476742						
1184469444787089408						
1265915911313199104						
1202239695784218624						
1196377564308267009						
1197579038958772224						
1197861665443893248						
1204206963552325632						
1273364610184359937						
1263719272628604929						
1264509692585394176						
1197135873575473152						
1263627412761464834						
1263620986265636869						
1241227287070154752						
1155582164169351168						
1197081291050627074						
1235018711444213760						
1196627778910773250						
1197632098217218048						
1235239697246543872						
1201988803872903169						
1202014515593981952						
1162453178983636993						
1196987636067577856						
1155362462021095424						
1231341467513298944						
1232035714256265219						
1231359290310610946						
1263744825804959744						
1204205493952102402						
1245462972186705927						
1197029521024782337						
1264507087452864513						
1263643243620818946						
1231376885256523784						
1197651341746884610						
1245444647830212610						
1197838122542915587						
1235008797057351680						
1204395330088951808						
1273412844416045056						
1174606711803535360						
1273616402780491776						
1155497001313812482						
1196517116347850753						
1245530854664912898						
1197574370299990016						
1273605096866185218						
1231339405929041923						
1197801169491509249						
1155340592102215680						
1245437569489350657						
1264607225382830080						
1197566047047413760						
1235272160148672513						
1245627225879113728						
1231933061366984706						
1155404716001701888						
1174577081604366336						
1273341133385498626						
1197436594975891457						
1240952006568796160						
1197656804823617537						
1155211702708969472						
1263812952676851712						
1202059769458184193						
1197273734714933248						
1235145404477562882						
1204257840933810181						
1174486470230454272						
1202124562068070400						
1264467128012492802						
1196586225970360321						
1174542853382578176						
1162188709510492160						
1174583857326280704						
1234987044914360322						
1201997480642142213						
1263720253642747904						
1197583251042385921						
1231877054741798912						
1162480505872424963						
1264453933122101248						
1241091876599595018						
1231814130178383872						
1245491877891190785						
1162238648617598976						
1202199278493556751						
1265922451340394496						
1162255138519572485						
1263651511055405057						
1197429513401057280						
1174464539842228225						
1197436229488390144						
1231960472397787136						
1155277153161928704						
1273294729631891463						
1197657785426690048						
1197609195949957130						
1196585150127255552						
1263589776617160706						
1241081092465209347						
1263801254091907073						
1162308200294735872						
1197609322697691138						
1273364722520395778						
1265846130140762112						
1273521934723158017						
1202011188458086408						
1155246228508237824						
1231331702447931396						
1245383218007769091						
1197058987029602304						
1202062223415431169						
1273343320291450880						
1197699332696354817						
1155413328623259648						
1197480568839168000						
1264437529136304128						
1264550623845941249						
1202062600747532293						
1231871422156492802						
1264478228397395968						
1232073270066925569						
1174552861100916736						
1265886642029682688						
1241137656001712134						
1273615268481241092						
1263613753351905280						
1196613605128646657						
1196532010581479431						
1273466396853391360						
1174557255372562432						
1162513995997335553						
1202099401281482752						
1155581110614732806						
1155547039251533829						
1265886245110112262						
1273283463119077382						
1245565735352635393						
1263773630820945920						
1197051434359042048						
1162415083965861896						
1155208475678560263						
1235068935860453376						
1196525635490996224						
1245522417780494338						
1197617395206107138						
1235169016248963073						
1196997017605685251						
1231946154344099841						
1197698029077352448						
1196455257729048576						
1264403103924850690						
1264582879922860034						
1197808984973041665						
1245395305450913794						
1197838815618097154						
1204437827121041408						
1204371015691882496						
1197770131063136256						
1241092786344079361						
1204419463426166784						
1241173662948102144						
1202141655765270529						
1184524698740314112						
1162256878811766785						
1155246594226364416						
1197048805595779078						
1265923481163771904						
1184486192861106177						
1174653822272192512						
1241115178911088640						
1184537035442413573						
1263766825617297408						
1201988056011673601						
1162523156248256512						
1231860322560073729						
1263803995459670019						
1245558850482319360						
1245562754494332929						
1155396675655098369						
1197749017641463809						
1184510956258283520						
1232047620165636097						
1240915911604867072						
1273598032769155072						
1232063093926170625						
1162426803820122114						
1204317849738608640						
1197465928193187841						
1204276359192821760						
1197726609492652034						
1245643558482132993						
1155568754006405122						
1202236548604809217						
1197406250100809729						
1155235347456024578						
1273290328922107904						
1264450238640775168						
1273355123381633028						
1196415736983564289						
1197145969667776512						
1196450762148192256						
1232062664328777728						
1197053247741157377						
1155460983504232448						
1263754406014705664						
1162276395684286472						
1240900458685874176						
1197058693684219904						
1155629326647402496						
1162241695649394693						
1264449963406360577						
1273457166138126338						
1264464982948880384						
1197126164449550353						
1263792879039852544						
1263644871400861698						
1273391267389624321						
1197666197065490433						
1196458687726018560						
1155399971128139776						
1174662624698601472						
1241043945427271680						
1197879266102386688						
1235113247637823488						
1155617204743868416						
1263705198528266242						
1245550395377803266						
1197019598098509826						
1265925684557418497						
1184462245570531329						
1264502940808744960						
1196559811443343364						
1197319750210277376						
1202094632122933248						
1235180974339764225						
1196574463619424262						
1273540167580684288						
1155318676226215936						
1197573204396724224						
1231390883318202368						
1197833220110397441						
1232061458936102913						
1204331957863235585						
1196607395155365888						
1232058240852205573						
1201989323014524931						
1197144901034622977						
1155548625256308737						
1197641879472558081						
1265986027837145089						
1240879213474918400						
1196532470805602314						
1231845924458180609						
1231361251151839235						
1155613653300842496						
1197623682123866112						
1273435027058155520						
1263810396152107008						
1196333977067503616						
1155209564154974209						
1155276844746326022						
1202014308307214336						
1196323605224861696						
1235074095277989890						
1155459870918922242						
1202164726735802368						
1155398782156189697						
1264492822016778240						
1231342328968830978						
1196530246843019264						
1197781794294321153						
1197056195099594752						
1196387090608640002						
1197800242764304385						
1155497921586110464						
1196533145367195649						
1245540753545232384						
1273416296282107907						
1273359305312481282						
1155579965926191105						
1273422823516667906						
1197888453901529088						
1197441562885738496						
1234989426591166464						
1265955231722020864						
1197770245307617280						
1197133881180348416						
1197239049859325952						
1197404565601173506						
1155631047687704576						
1241096086170845186						
1197041695994634240						
1197398025733378048						
1197339130000289793						
1241129819301183489						
1273526027374014466						
1231358262106370056						
1174465424408436744						
1204328811250233344						
1202011859144060929						
1231340517432188930						
1231331474974150657						
1264437848058576897						
1196354213720272896						
1197673746749952001						
1197661438367731712						
1241142793759752194						
1196498982270390272						
1196372017190191104						
1197819992093450240						
1240975252739547137						
1245615784979623936						
1235051765864599553						
1196344864037842945						
1155259331551666181						
1204335766563934208						
1197280129518624768						
1197636507705782274						
1204326472011460609						
1197779081036779520						
1204324552169398272						
1155406128190230528						
1197641660123033601						
1197719529666891776						
1263614116498935809						
1197518046363029506						
1273509136748163072						
1240912012638654464						
1197067057772351490						
1197502120993476608						
1202172294174560256						
1240900336136654848						
1155371943861870592						
1231354696310362112						
1155448260410167296						
1263763106087546881						
1231997505275072512						
1202159836156309505						
1155593655580844039						
1204465723797585920						
1196465268173750272						
1174614206827638784						
1196551022107344899						
1155528132935315456						
1245539993424211969						
1155468167415832576						
1197528351340212224						
1263731848498339842						
1162239446692986883						
1197844466633183233						
1197693120898588672						
1201999211300044800						
1245463394435698689						
1197769051952553991						
1201999597859672065						
1235067841453240320						
1204462153408929797						
1273376314960084992						
1162334836163534851						
1231898670385303553						
1240955319850762240						
1231988549794304000						
1162209032322473986						
1197212785953910787						
1197672092159877120						
1184526706612297728						
1265982330054881280						
1204410286603681792						
1197858239179870208						
1240885495049211904						
1202156871353810947						
1197347212264693760						
1197453700706504704						
1204251383475646464						
1162420213540904960						
1232086062119432192						
1174599683068571653						
1196493994739556354						
1204485988485095424						
1240885807155761152						
1202124661938696192						
1231933364246122496						
1155644399784779776						
1265953022108106752						
1245559172365725696						
1197539099760119810						
1241183339400302595						
1155613604336607232						
1241136388784959488						
1273505984766529536						
1240910122022559744						
1197043161027227648						
1155425101346721792						
1162190464541442048						
1174597600839950336						
1232071848206249984						
1245632042957557763						
1265930535953739777						
1245626820176703489						
1273483606569222144						
1235044308790546432						
1235057929826562048						
1197510465636704256						
1196348512285450240						
1197723116170072064						
1197683259968237575						
1197023024085688321						
1245430437792681988						
1155630464138395650						
1264506478309838848						
1235065040799072258						
1204450384129011716						
1174451727803801603						
1162272662241996800						
1263728506380435456						
1155612118080774145						
1197777594873253889						
1197597763044880386						
1264449570592960513						
1235114100281073664						
1174451201125048321						
1240859338761277442						
1197811527056855040						
1196494166768996352						
1241115828336066561						
1265829127384424448						
1155491475708358657						
1245383301390614529						
1204455283046662145						
1240859519095357441						
1204473729876664321						
1240903266017464320						
1235149338160091136						
1197033179468750848						
1155585767550455809						
1241225075128512513						
1202169676081631232						
1155285828559675393						
1196977836579536902						
1197723167772618753						
1197742918657871872						
1234986242372075520						
1197459303260708864						
1202126867731505153						
1202127529550761985						
1204493721405931521						
1240994551420026884						
1235104120408694785						
1162302658557988866						
1241054758691094531						
1231338493680529413						
1273405086128054272						
1197853066504146944						
1162186190793203712						
1231881622703788032						
1196455511144710147						
1196609684129615872						
1197447553857597440						
1204359451899301889						
1197782548249817088						
1197633805550522368						
1197811570891513856						
1231831492017479680						
1174483011192180737						
1265994980729991170						
1184536657112027136						
1231387715821764610						
1235264542466334723						
1264473900370534405						
1174520019344089093						
1197609190803615744						
1201991126162575360						
1204331722768355328						
1232035951083446275						
1162431093062209539						
1264603166412140545						
1273407542014676992						
1174548075161030658						
1197410740002533376						
1231342523550961665						
1174600298976952320						
1162339404695900160						
1197735560112160768						
1264593096358199299						
1231837898103803905						
1197297088540872704						
1231866687143714820						
1184475399239163904						
1196559642748436480						
1231374528485502976						
1197607300497911808						
1263738695053705216						
1265922622480625669						
1273369469075808258						
1265935135339417605						
1235121243684143104						
1197886120077512704						
1241094578125582336						
1265945350331863041						
1155370594860507137						
1197618081239097344						
1162194221249511424						
1265840593890148353						
1273398519643209728						
1155239072400629760						
1174466942293426178						
1197062918744854528						
1263618998245240832						
1264549463797960706						
1197648375233105921						
1264472189618831363						
1197428892262445056						
1273503570671865856						
1240942939917910017						
1155247423729614848						
1263748778630287360						
1245412086647308288						
1155409727708368897						
1245512617705246727						
1196563401771757569						
1196340465387347968						
1162398212310937600						
1245457528315695104						
1162471181259288578						
1197168683954647040						
1155643471157506048						
1197222039544881154						
1273360710819614723						
1263769322645860352						
1197465133255200773						
1197618713127739392						
1264581249567465472						
1273460858912477186						
1235245505346711558						
1197768809769250816						
1263622545539989505						
1174614140268228608						
1245472854365347840						
1155544696460107777						
1241239590842839040						
1196376813578149889						
1273542407179636736						
1197466210310459392						
1273354114198577160						
1197238621868310536						
1197267552654823425						
1263700723994431495						
1265882871417503744						
1197428540632969216						
1240903604971732992						
1245509422723616773						
1263783681132503040						
1245582945793896449						
1231991497735704576						
1265894972794044416						
1235087851340976128						
1197296650798190593						
1155643606721544193						
1204345845283540992						
1232044680067547136						
1197839401222582272						
1232059540285378560						
1273326072705228800						
1162291022874992640						
1264409025355157504						
1241142974597169152						
1197365051738460160						
1273395202896605191						
1155540781517758464						
1196556795889815552						
1174565938227744768						
1232080330871525381						
1264512837034168321						
1174543510403473409						
1155461868032593920						
1162278131597631488						
1155401848611885056						
1265891874365153282						
1197253078812168194						
1197085423681593344						
1202070479395270656						
1197514045592612864						
1204463012331044864						
1264438973205708800						
1162243419856441347						
1196975518517800960						
1245571927231488001						
1196543168474431499						
1241135899125198848						
1204388282508988427						
1235179697882968066						
1162460692936581121						
1155453003723395072						
1197537940941000713						
1155252266561130502						
1202187766106337280						
1241130713392562177						
1263617208963551233						
1197365791101992960						
1197565387363307520						
1235031199321481217						
1273444466544775168						
1155321812093407232						
1264477523695591424						
1162391934377320448						
1155208782999367680						
1174633694222585856						
1196961600709758977						
1197464855759994880						
1155380269622484992						
1264476100949934080						
1155372524605247488						
1265941943281954816						
1197894934893924352						
1264545792649572360						
1196362514449219584						
1245640102677635074						
1240983590902599680						
1245487580650647552						
1196438402176110592						
1240889011536887808						
1196470379684024320						
1184557460515950599						
1202218069571051520						
1204306912621318144						
1240861959186190336						
1235114831159521281						
1196573831416156166						
1234993954258440193						
1162283785146134529						
1197642964438339584						
1197567051084312576						
1201992541954031616						
1197424123040993280						
1162406409671233536						
1197481152753389569						
1155379970824261632						
1263757279888801793						
1196582498945421313						
1155396238310858752						
1197410281925816327						
1273553145973669888						
1245435443614814209						
1184575106519126016						
1231971231085289473						
1174637103944261634						
1197471736926740480						
1155310668481990656						
1265864343150899200						
1197060834796736512						
1273606471876575238						
1232082702045712384						
1196623800147873792						
1240935831034114048						
1232020159432396800						
1196339563968565248						
1162522921757237251						
1196585931890933760						
1162498817822023681						
1232044075810983936						
1273444247010762753						
1184518551014727685						
1204254837682167808						
1263839531121467393						
1162198728049954816						
1174589216958898177						
1162184905192824834						
1263744349118115840						
1263729908087435270						
1196459952363229184						
1232038479288307716						
1174537989759864834						
1174507957712773120						
1184513692383080448						
1162477661563817984						
1197440610099245056						
1184520470646939649						
1196590725128949760						
1197631952507019268						
1196352411000090624						
1197491065231687680						
1155450271541207040						
1245458091774283776						
1162455521070374913						
1265917169336025089						
1264412254054858752						
1204292108993081344						
1197547298118606848						
1197854739800547328						
1245469965270102018						
1196423711206842373						
1197315984241156096						
1174570245786411009						
1162248223366324224						
1197419178384343045						
1197317784113483777						
1231338878591754246						
1241108790109523968						
1155462733288153089						
1202003764154183686						
1241018957265543168						
1241086989182611460						
1231349525652135938						
1197589644772335617						
1231332215956627457						
1155258653022310400						
1232087716176723968						
1231331896791044097						
1264508172355633163						
1232067647497482243						
1204473534539599872						
1235143377571766272						
1245503841312944128						
1240925145348427778						
1273368420021567494						
1235153063180201985						
1197273455818878977						
1231786001640689666						
1174628234597740544						
1196514415144767488						
1263812736577867777						
1273417897097003008						
1273387043473764354						
1265985563817017352						
1202148189400420352						
1197002216961388545						
1162194569707962368						
1162287330767638528						
1162462412232175616						
1162430808872902657						
1245589962222796801						
1245642657650491392						
1240953865228423169						
1197777798087299074						
1197621504667770880						
1197096917278347265						
1234990955880599552						
1162239689358630915						
1231365880589815808						
1174560267897843712						
1197205814538391554						
1204274735326093312						
1196337866705645568						
1196498016288546821						
1204390707626201088						
1202206887388815365						
1155229937940541441						
1196588630481014784						
1162471628980310016						
1273356769675403264						
1204378435604418560						
1197117246155501569						
1263737603582562304						
1174622831495254017						
1155313139212328961						
1235145159895142401						
1264540345913704449						
1197832405362597888						
1197048302568644613						
1162271817286836228						
1204408392359407616						
1273565464510291973						
1162410150516396039						
1197334656024227840						
1202074956441538562						
1197300846175948800						
1240881077755002881						
1245532395522179072						
1232080525612986368						
1263595826552569858						
1196397678038585344						
1197905085273169921						
1240898454215368704						
1197336502709215232						
1197619153802272781						
1155268001052147712						
1155358199488352258						
1197604592265158656						
1162483543886508032						
1263618203328090114						
1263799330026160128						
1174578935956484096						
1273363767288528897						
1273409408861712386						
1273376567557869570						
1197607905324863488						
1155248089512513541						
1197113327245254657						
1231965785230368770						
1240941909381709825						
1231906845398372352						
1196995276923387911						
1245482572249006084						
1197653643954180096						
1241080124109447174						
1197526412493807616						
1273486623280332800						
1245604105923395584						
1263597539057528835						
1196372675477852162						
1197038604725506048						
1162474788377583616						
1273496284599586816						
1202080813598302211						
1184571331062448130						
1155234511451561986						
1184521300938776578						
1231931231589281792						
1155544937519353857						
1204259490805231616						
1265837421985509376						
1162248308477194240						
1162515908969062400						
1232081937881354240						
1197617587493969926						
1197646104537513984						
1265836256598130689						
1204345688433266689						
1155317624349319168						
1197108375974227968						
1231352855744974849						
1264428478147018752						
1235141754850078720						
1264457801922904065						
1204379968916131841						
1231857137032323072						
1202219078066343936						
1204295051066695682						
1197180418858074112						
1174577408084709377						
1155373189318549504						
1240949246058270720						
1231844177471778817						
1174564684000894976						
1263790587880378370						
1263713119777492993						
1197496475888041985						
1155585902858690560						
1235049616971718660						
1204442578759716864						
1245435196410941441						
1197556223459123205						
1204221265747357696						
1235148153164369920						
1204297425491578880						
1155414791370018816						
1241044035311226884						
1245630456541794304						
1155615813438713856						
1273512873084452864						
1263664602660904961						
1162268505435062282						
1240839234031890432						
1197315261919051776						
1202033960957730817						
1197250190807371780						
1197611029569691651						
1197276306771259393						
1155386110295646208						
1197416395199434752						
1197275623745638402						
1235140676570034176						
1197609939696574465						
1273616954285318144						
1155231803218771970						
1241212235168600064						
1196651700838420480						
1197868163393839104						
1184543834799312897						
1162528449103302658						
1155608150395019264						
1184466014857256960						
1197411195688570881						
1197572774954504192						
1197784967411048448						
1263584720589185027						
1240897169093165057						
1162314923101343745						
1265844222160179200						
1273425224038518786						
1202004235178708992						
1197148580924055552						
1231344596787089409						
1162201546785824768						
1235068667508838401						
1202108687948619777						
1231363775925760001						
1155557994987446272						
1263771757917470720						
1240813655702360065						
1204419057946021891						
1245489023705141254						
1197066395328098309						
1273616794230677505						
1235246780998090752						
1197637776168161288						
1231397243770544129						
1184576716754378753						
1197595256398712834						
1201992119763775494						
1264553390673211392						
1202097305807138816						
1264552141408141312						
1197624299588378625						
1162319450328182784						
1245387771675578368						
1197648714959114240						
1245472003869507584						
1197249990101491720						
1197175335965614080						
1155264118238130176						
1197819349454774272						
1235001142704246786						
1231382801968222210						
1202079823453184000						
1231921710972178434						
1197758854920130561						
1204466222617780225						
1155565697419948032						
1235095324701732864						
1204209057265070082						
1245531101763981312						
1197677608965722114						
1162187536288178177						
1265831109021044741						
1155367363639959552						
1273581558704807937						
1201996897508057088						
1174566084361539584						
1263788981591904258						
1202007488045965312						
1197274406843801600						
1264510358640869378						
1184565969043234817						
1245616331195465730						
1174565921387683840						
1273550236552740864						
1197257614897352709						
1204229485874335745						
1197654509092319232						
1231364660961697795						
1197311963476443136						
1264591839702720518						
1174601823317090304						
1162242021953699841						
1197486364385824771						
1263609927207092224						
1204495742162878471						
1265936983093915648						
1155395400066576384						
1155550254319751171						
1197222223297294336						
1245591326772482048						
1240947631574192128						
1155526029869494272						
1263747466924634112						
1202102726252994560						
1162463855156563974						
1197632396461531137						
1155224822206648324						
1184534259857580032						
1231940009491664897						
1232086082562469889						
1263772276320800769						
1196326889104826369						
1202001563042156551						
1162429359409586178						
1232026563606130689						
1231918323341889536						
1235249125014351877						
1155472202990571520						
1241038018858881031						
1273361140307955718						
1197633638189408257						
1155378050105794560						
1263718330176876553						
1196322573090533376						
1264603233974173697						
1202192422924632064						
1241155285143748610						
1196349105527820289						
1155583279896174593						
1263634863103623168						
1174687532900147200						
1264503299950227456						
1197698424646328320						
1162246609700192258						
1240905195783102469						
1202027517416214529						
1231996849457901568						
1174464076765962241						
1174589839922085888						
1202048537908957184						
1196584948100214784						
1197811011635613696						
1197396942000660480						
1155379210879459329						
1202034603181166597						
1155434315297243136						
1245438885045379072						
1263770388485550080						
1235262114408914944						
1196333126001278976						
1197837910491516934						
1196455784701411331						
1202012095711195136						
1245560046500667395						
1202177951682453505						
1231350217963909120						
1241202257594638337						
1202029260283752450						
1155642049317736448						
1241020232304668672						
1245508904492072965						
1202190578919919616						
1197067196481994752						
1162316480173748224						
1240849142513008641						
1235084690106675200						
1197589696433590272						
1155636770874318848						
1196579380824301568						
1273603685516562432						
1265911149146537984						
1201986392710156290						
1162450487695872008						
1197013942587015169						
1235204875287486465						
1231805662721662977						
1197425947315712000						
1197061643513020416						
1202124151273803782						
1235143518743597061						
1197781491830403072						
1155574379163635713						
1155284639617114112						
1197291029440929792						
1162510391378944000						
1204485843370618881						
1240866066169049090						
1204277476685500416						
1204329593861287936						
1197036038692200448						
1202133316729589760						
1155418014822666241						
1197633921384624128						
1204326310165798913						
1241082114185007104						
1241082787307958279						
1240889751881814016						
1197850534075604992						
1273321258244100098						
1273384610425188353						
1263789978628296704						
1162516428601331724						
1204366153977602048						
1184475322600841216						
1265933288117604358						
1245390526146392066						
1245478164161314818						
1263793574040272896						
1197263528396279808						
1196628024411725825						
1231787118005047297						
1241154886210932740						
1155623664634740742						
1241117835579047942						
1197751098762842112						
1197677460382535680						
1263583437518069763						
1197081136440205313						
1197693521114861568						
1231342674470473729						
1155216434051657730						
1196507906113495040						
1155403599830274049						
1263731539835305984						
1196381356399484929						
1197258188707573760						
1197733551195725830						
1197428338194833414						
1197276564590870528						
1197120128481218560						
1235246428190109696						
1273354255408209926						
1155305082264674304						
1196309128739741699						
1155599987918737409						
1235185971404165120						
1197677543186452481						
1273540870088929281						
1234997102536605697						
1197274689326010369						
1235086341026787328						
1240887854550704128						
1231866571192197120						
1263754052472647680						
1264604776282705920						
1231344523030208515						
1196609366985711618						
1155334602740981760						
1273513143457787905						
1197809508590014464						
1263856723820937216						
1174524634382946304						
1265953248109899778						
1162447792184463360						
1263839070947553286						
1273382399334809600						
1264503001898680320						
1155351672358670337						
1197704156879953920						
1241151254732197888						
1264485815301914625						
1162350079073824768						
1263577109651427331						
1174534319928426496						
1197052760732176384						
1155210175751630850						
1184518146641793028						
1263817843935674368						
1162523431591657472						
1273566224346230784						
1155571529876430848						
1196960233085640711						
1263600076808753153						
1235026446243917824						
1245562654447546373						
1231844921629388800						
1263725111523377154						
1197166683233902592						
1265928889827811330						
1202205696252678144						
1174584774574399488						
1162195478915584004						
1197577307403309056						
1196605443000479744						
1197147697515507714						
1240904825124147200						
1273557512181219328						
1196551306833539079						
1162504263135834112						
1235082863424327680						
1273285291940499462						
1155636679463591937						
1231965561803898880						
1264510658151960577						
1232046061360992257						
1240902898252423168						
1204223904455299072						
1264481400197177345						
1245606302857879552						
1196415858169565186						
1197578869706051584						
1240917884861374465						
1234992638945714176						
1273287937757712384						
1245626633819545601						
1155538638693961729						
1231394458375200768						
1245513353608527873						
1231805596388806657						
1155560258972061696						
1273337881180987395						
1245602035468124160						
1265908629909184512						
1155307910848831490						
1202181005928550401						
1196505642900557825						
1202035435138174976						
1235219458278543360						
1204359082657959936						
1263661092204658689						
1162363397616406528						
1232063100993646593						
1155375547565957120						
1263729131298185216						
1162284685176655882						
1196384026556325893						
1197538110344777729						
1264535856565686272						
1273497850090065921						
1174460260838514688						
1264600434330734592						
1240824969770283009						
1235267123242586112						
1197074487751184384						
1202068397258952706						
1174686528926355458						
1245507361030180866						
1155510441138950145						
1196358187307425795						
1204374734936383492						
1232001401326313472						
1155391822925090816						
1202141113932488706						
1204210510310334465						
1231389946688212992						
1202084440991817731						
1241205993540902912						
1155641186264260608						
1196329652278759425						
1197131826151731200						
1232075445564211200						
1204386353116565505						
1155534242539024385						
1273539942082392064						
1196351830286065665						
1231343976256614400						
1273527622149029895						
1241224225802858498						
1197035813151936518						
1245451115090542592						
1197141456005353472						
1184575303236096000						
1245496645829242881						
1197003967894638592						
1235124604764672000						
1245554391131840512						
1197895913819267072						
1232064123585941504						
1231772910718717952						
1155596918950641664						
1155536916042964994						
1240855990377033728						
1264588560239378437						
1196516146561900550						
1245545815575154688						
1231956355705118720						
1196376873888034816						
1174543179779072005						
1273317743496921089						
1197725887585804289						
1204255681974550528						
1235074093780783104						
1174478710256361473						
1264589540012032002						
1235143493372305408						
1240853139785465856						
1232089542842363904						
1197584088670097408						
1197580161950113792						
1174617817934684160						
1231998725616283650						
1273372669212311561						
1245380782014828545						
1245402915277279232						
1263723277962412033						
1273396551730319361						
1197053197271089157						
1234991695550222338						
1245384171192713219						
1174619246699130882						
1197210191638466561						
1232016295647903744						
1264476293741056000						
1245612585849774081						
1204450699079225344						
1197014750774906880						
1235127406303809536						
1231776913829638144						
1155501789220917248						
1231840954421739524						
1204304618571870208						
1162247688114429952						
1197514645285875713						
1235068209860091904						
1204390208923410433						
1197497519686782982						
1197809329354760193						
1197042002203992064						
1184581783221948418						
1234993476569202689						
1231829108482617344						
1197318386956550144						
1235255582501810176						
1197233731175665664						
1265915951721123842						
1235239013608497158						
1174455826624348161						
1162515109492797440						
1202097139763089408						
1241117129757413377						
1245412553364312072						
1241224746227961856						
1264574487544180741						
1241071376628436993						
1231829504097648640						
1273419546385416193						
1264579478375759881						
1196610662513938432						
1197604503849197568						
1273366100160454658						
1174573048051183616						
1162431483606458369						
1155434799424843776						
1232076573286846465						
1197167067151183875						
1196557176573235200						
1204239467445391362						
1234991145962201088						
1155397696477417472						
1162328823490392066						
1202180058166812672						
1162178248459112448						
1196453811524657152						
1235189971922890752						
1264582581888172032						
1273387605237915648						
1204454399055220737						
1245465810899959815						
1241151558533996556						
1174615279340544000						
1235255051624603648						
1264588343595196418						
1204373030144823296						
1162257141966594048						
1155351915213053953						
1197272452646232070						
1162476581736124417						
1197192156324208645						
1235219077402103808						
1162369411811954690						
1231966525894123522						
1155597560356245507						
1263803227017003008						
1231336546344882176						
1197638777470103552						
1162420011564195842						
1162475278419091457						
1197297252248825856						
1204287346373468161						
1196568208863563777						
1232061171265679362						
1264416759609733122						
1197740784755380225						
1197081533292650497						
1235262582539390976						
1184560570537783299						
1202100225705467905						
1197258580220497921						
1231855392189276160						
1245498285248385031						
1155432770786811904						
1231852991424204801						
1197044538705088515						
1265854275860795395						
1232008217301061634						
1231890286277730304						
1162472087061225474						
1204218757587054592						
1263656706384502786						
1241118793797120000						
1155590243212562433						
1263627910277222400						
1204314641242959872						
1231372644844494854						
1155208701315297282						
1263585978393874433						
1265912188566474752						
1204268471913242624						
1264440209950887936						
1240884190473846784						
1202017300112662528						
1240897637311807489						
1174555348746887168						
1273289387602841602						
1155517895826444288						
1197782736733388800						
1231814069600104448						
1197194360477143040						
1197789876718112768						
1162250046026293251						
1231776339474206720						
1197276208234483713						
1204460574781902848						
1162276358979907584						
1174644866128732160						
1263583330953424905						
1174461082460663808						
1241149732560474122						
1197280220157546496						
1184546349078982656						
1197617708797440001						
1263607430468046849						
1264528757727137793						
1235095224625451008						
1162343892810948608						
1162376457567506432						
1241178529137479680						
1162301134591156225						
1235142282556444672						
1241182707868225544						
1197434746109870080						
1245494015652487168						
1240864464276201472						
1202141838188187648						
1231867623916425217						
1197039421272526848						
1196966666246250496						
1155595036802920450						
1263645506124886017						
1263712392074203137						
1202093480333500416						
1204383703293673472						
1196628390721261568						
1204221955563503616						
1197049961650774017						
1155212627502669824						
1240842351574122496						
1184571743022862336						
1235209913049247747						
1197220349416542208						
1197799602591850497						
1264461072335097856						
1204318882091192320						
1174603687286775809						
1235248093563621378						
1202055165773254657						
1231840788537073664						
1197568917079810049						
1155497359893237760						
1174597976670556160						
1155206908896337922						
1273339708651835394						
1245462820856233991						
1197813185623011328						
1174582535948578816						
1241113539718328322						
1273622372998959106						
1197244047053795329						
1231850194880344064						
1202058863433912320						
1197611282330992640						
1197097648056082432						
1197513243629101058						
1155639472593285120						
1265883897071624193						
1196498905262940160						
1273559602039328770						
1235096737259241474						
1263584884007698433						
1204313072267145216						
1184506235942559744						
1197301085251211264						
1245433536716451847						
1245496961077215234						
1196616418441285632						
1155426328696492032						
1162392323738746883						
1240872431989948417						
1196636129551945728						
1155247524585848834						
1232025891326365706						
1231376729496858624						
1263839063309721601						
1155611956386107392						
1174462213895204864						
1231354350808817664						
1273610846996963330						
1197585794971643905						
1273377084904267778						
1265835326217601024						
1197307657759182849						
1197294510793011200						
1264508559959527424						
1202208503630368770						
1162235924832346112						
1197260987746922498						
1197559789884186625						
1232081016757637120						
1204237118358347776						
1231354120809975808						
1202050547836235776						
1197893005262368769						
1197260743579713543						
1263577109093646340						
1263653092370911240						
1273403945805742080						
1273608596568276994						
1241105306236661761						
1197780230036963328						
1174453054445379589						
1174599073363574785						
1162204120129781768						
1197654351315111939						
1197274387856142336						
1196403060286861312						
1174678648579903488						
1162461264595116032						
1162468370933063685						
1197089075431387136						
1174541220745482240						
1231909514456313861						
1273448402047680512						
1155440612042248192						
1184548239292469253						
1162461571655688192						
1204418617502130178						
1197421609742733312						
1197053857337167873						
1155222260929744896						
1196529041790119938						
1232063264139489282						
1245632358193086465						
1204340079541596160						
1235108208282341376						
1197022495624306688						
1197052518553001990						
1232077870941573125						
1241209806230298625						
1155405162409844736						
1232049441324044288						
1240990754396389378						
1264481126669844481						
1231386316337795079						
1245501994103701506						
1197113349886107648						
1197280830806208513						
1204326554706284545						
1204360647712088064						
1196525507409534978						
1196416292946923520						
1162497366060089344						
1155594903021326338						
1263700333156618240						
1231796341749272577						
1232082289443704834						
1232073486383878144						
1162470927134859269						
1155491884959182849						
1155569470519296000						
1197871190334935040						
1235266681309720576						
1155237829464723458						
1184547927517204480						
1263819842303537152						
1235061891749122048						
1231856743896027136						
1162319759049990145						
1162510262836092929						
1240902811753287680						
1263738150771400704						
1155596917205807105						
1263590085192110081						
1155594983971467265						
1241159953261395969						
1197614466113900544						
1265973685028085760						
1197180277619081216						
1263579139371446273						
1197257971111251969						
1241072031610949634						
1155344839057321984						
1232085541845377028						
1155243379153952768						
1235121550421938176						
1273358965187936256						
1264492482357874688						
1196353680104198144						
1155478586331189248						
1264432130454622210						
1265862615265357829						
1202146736472543232						
1162496256171814912						
1196343234588479488						
1232071502058729475						
1196541637343797250						
1155377434084216832						
1241102662839472128						
1162460337704177666						
1240885708103041024						
1273341201236856832						
1197611156753592320						
1162523151785439233						
1245407114367045633						
1202054051581562880						
1197523938588418048						
1273494494860791809						
1240968405752184833						
1263725280243462149						
1162454574873141248						
1263583581294583808						
1197035911952977921						
1162507480594882560						
1263714789546774528						
1196424954901860355						
1162320399532724224						
1273468827142152192						
1245470117263216641						
1265885245896884224						
1204438579000365057						
1245504935657160705						
1184543303125164035						
1202130141104791552						
1231376652871094273						
1245574172425637895						
1231892538237300737						
1162435078397538305						
1197089980021137408						
1162463372761157632						
1263609108189655042						
1231908552408752128						
1155256299376009217						
1196468152684752896						
1263788486265573377						
1241069973839261702						
1235252910809927680						
1245585305677099008						
1174619426047574016						
1273392520316231680						
1241091513121112065						
1155350737888710656						
1245444536329011201						
1273376657957687301						
1197200816505012229						
1155393937261174784						
1197905392237461505						
1235138088181157888						
1202208040763744256						
1235264372295053314						
1202164743861145600						
1197243896666972160						
1155395969783074817						
1273338151189336067						
1234984293878792192						
1197595559953084416						
1204248142373371910						
1162258791238234114						
1197228075118989312						
1240996332699082753						
1162285305816330240						
1197548236371873792						
1155362408053051393						
1240935775010684928						
1196466770338623494						
1155211249661165569						
1204279669337546752						
1263606552558256130						
1155620515396145153						
1273531587410440194						
1197813500682424320						
1162469137635053573						
1231819879365455872						
1196541367863906312						
1155396648824184832						
1184544565048631298						
1204471092154454023						
1231376232476037120						
1235117515765714944						
1265884692349423622						
1155229603327332352						
1174470071248412672						
1204416225276678145						
1155253478698172416						
1174586897148129281						
1155538758151933953						
1241065346464993280						
1162486728470532098						
1204246807984955392						
1264533078875176960						
1197317056305254406						
1273310411593592832						
1196394045951623171						
1155275874469646338						
1197269401818533891						
1197744430616317954						
1197244427129040896						
1202086498138497024						
1245383603783114752						
1162480764660998144						
1197639014695747584						
1197605782088560640						
1196637530009096192						
1245567086035902467						
1162471033653383168						
1197352101648764928						
1245428802920079360						
1273492238375493633						
1263740244836433922						
1184561616483958787						
1231798223720919040						
1162534869152534528						
1155448993943629826						
1197705510532845568						
1155588769900388352						
1264432763668705281						
1264483175801159682						
1155505432699592705						
1245629645799604225						
1241128036805771267						
1245488941278658562						
1204483513199845377						
1204306575244111872						
1184556932100743168						
1184529827837206529						
1204215203346493441						
1197858552779542528						
1197265236115505152						
1155599710587170818						
1231828116588449792						
1265946875171086336						
1204494724243034114						
1162473830893412353						
1184496029812609024						
1197039280255844352						
1184581766486601730						
1231887132114944002						
1245491832882151426						
1202130589761048577						
1196423175132848131						
1155229396434923520						
1174528810836025345						
1201998055496650752						
1235262997087563777						
1197072990699175938						
1263789144418942978						
1197188522479886337						
1155302718170382336						
1155550945171902465						
1162345827723075585						
1196584225413255168						
1245460122740166657						
1196439055107526656						
1273317765601001473						
1240906105418665985						
1204339352689692672						
1162234395253587969						
1174524921864736773						
1240912087708205056						
1155291684894334976						
1197683315706384385						
1264593727127015424						
1263739476066684928						
1264467287618314242						
1235211076184281090						
1231844559379976192						
1241031613452075010						
1197422763780259840						
1263630484589993985						
1264592550935105537						
1204291854180765697						
1231934331809148928						
1155580640710078465						
1155380377118281728						
1235059114599997442						
1263773403347025921						
1197825312689659904						
1265902761843011584						
1235106849638227968						
1240946524189863937						
1155350443410821120						
1155444921043771392						
1197517755991429123						
1162512157403226112						
1273367260992765952						
1174608637324668928						
1235141835712008197						
1197768593913634816						
1204490689700122624						
1197733426977234944						
1273346993390325760						
1184496084367892481						
1155587403622621186						
1197547484433829888						
1197613221366112256						
1204244993281548289						
1204406069939916800						
1245605219615903744						
1204205525287800832						
1197259519908368384						
1197629817618911234						
1231376695057354752						
1197489165937590283						
1273412908547006464						
1155412182089248768						
1155360108978888704						
1273396350072348681						
1241090843727089666						
1231397444283510787						
1264512937122770944						
1263607101269643265						
1197731615805448192						
1273317551888568323						
1201991940591493120						
1263685283146498048						
1155552172517613568						
1204403774070181898						
1197742311846940673						
1155228757965365248						
1264602879014338560						
1264447233417777154						
1245620966673092610						
1197648572902248448						
1202038359985553408						
1235016655450894336						
1162450976315498496						
1202102079998844928						
1241172192529920006						
1240885232750002179						
1202138657387360256						
1202084695737032704						
1196497073077661699						
1273343313702256643						
1174591086561505280						
1273352113318395911						
1265944645688856577						
1202147837112393728						
1197108097547935744						
1245627995445854210						
1273350480350019584						
1155252285171294208						
1204324375626993664						
1204375865297133570						
1235117767193317376						
1265930833942241280						
1197289037574365184						
1235065306785017856						
1231887425619845121						
1202017649196240896						
1196618476791717889						
1184540080335138816						
1155612699264528390						
1204336471798407168						
1174595149579599873						
1196545568476213248						
1241132147227930624						
1232006855024693248						
1162460783160246272						
1245508127128240130						
1240820434934824966						
1263629064377716742						
1265925274119667714						
1202134808664653824						
1204229981674573824						
1263701025426485249						
1232077654762938368						
1245431339714850817						
1232031734478376960						
1273368813619286017						
1201999014302011392						
1197453997768093696						
1155592337680216065						
1240882981864189952						
1184477326270255105						
1273358364278435846						
1231347872777539584						
1245509271615348736						
1197311090545299458						
1155467466878922753						
1273388209158971393						
1155557344450940929						
1263646789472858112						
1202169306362130434						
1265890719635517440						
1155374797632811008						
1197323123139452929						
1155267745824542720						
1196530608052297729						
1155294267331489797						
1174590960812068864						
1240937675194019845						
1273515528561266688						
1162184747470270465						
1174596961409933312						
1155415936494657541						
1263788755258937345						
1241115321907453963						
1245378101397389313						
1155522988592238598						
1197688622885081089						
1273277800565346304						
1155219294982168576						
1197784543845109760						
1231345801907122183						
1155298730993684480						
1196391175382618112						
1162283773230059526						
1197720106970824704						
1263625006480855040						
1196524725964562432						
1204337245081276416						
1202043128955494400						
1241187203159638032						
1197447146611589120						
1264539421900255235						
1241177059994501133						
1155604704220631041						
1162280024000479232						
1240837075232063488						
1245454281672724481						
1197443654530600960						
1264602313370546177						
1241113041992847365						
1162192984491855872						
1162536095684407296						
1197070381393367040						
1264538699003551750						
1264515479982477313						
1232089560613576704						
1241142959543853059						
1197648765328470017						
1204286670859853824						
1231908868999065600						
1231862700550082565						
1197657953085640704						
1162438869448609797						
1264480185430224896						
1197172706355089408						
1196426534703312898						
1155423319124062208						
1197059704423428097						
1202181499522600964						
1240832716939169792						
1231793759756615680						
1245555429196824576						
1231885441852493824						
1240995696242765826						
1204416003909664768						
1245376577967468544						
1273317878960447491						
1235065160139558912						
1245606839376478209						
1184462314864631809						
1162282617175076864						
1204340004161511427						
1197024729447702529						
1196967786767175681						
1240828745201725448						
1264598586295230465						
1197776435982864385						
1273397224467247104						
1197514662553763840						
1265846274865221632						
1231890964207341568						
1264483586746601472						
1197476679859523584						
1273416304972779520						
1245484323131854854						
1245556392762593280						
1273467539528581121						
1197551392514330630						
1162259343099645952						
1273387491907772417						
1197285165464276992						
1197103087892279299						
1240885812230832129						
1196993096250249221						
1263778737608372224						
1273355134173687808						
1231821873966485504						
1245390365454143489						
1197074597893615616						
1196494782887071746						
1263703683222683648						
1204489400354328577						
1263771805661233152						
1196542927968899074						
1204325450534834178						
1273540525560410113						
1231932438898712576						
1273405676014927872						
1155291389535707136						
1202150166180093953						
1273449189951799297						
1197482312109297665						
1197900816541265921						
1231784769740066817						
1197553154231078913						
1273467165711220736						
1162485615293796352						
1263788709771653121						
1232057448481148928						
1241103577680134144						
1197393325902483458						
1155390864937619456						
1196584442338381824						
1197002792415768576						
1202132805813190656						
1235241568493326345						
1273330641300586501						
1235257441434169344						
1235230374214631424						
1174556028404477952						
1241205482875957250						
1196524844780789760						
1204395452000546816						
1196613046006960133						
1201995541812535296						
1197619321264054272						
1162479417702174720						
1273361162428710912						
1197412191462469632						
1162243115144531971						
1202020438525788161						
1174670275184615424						
1264594562665897986						
1197285927850299392						
1197150817033314304						
1245488789541326848						
1155448498952835072						
1197382641370173442						
1162439923028414465						
1162339376170487808						
1174538234019360768						
1231920576593383425						
1184571063084171265						
1264519929203695621						
1204312831614734336						
1202013053254017026						
1155212778623422465						
1196375530481864705						
1155527970385272833						
1174571380081332225						
1202009121643474944						
1162182444839264258						
1231949704428171266						
1184572056828035072						
1155570128983080960						
1263613446593134599						
1231920979930157063						
1197489172422045696						
1196499267633979393						
1263617710421954570						
1196992916981534720						
1174590500923486209						
1265831464408682497						
1204471170503970818						
1197405274870603782						
1196544175241678855						
1204397418961350656						
1273538528400596992						
1245422966344728577						
1273402742686601218						
1197862652338409481						
1204317221771776000						
1196548176683184128						
1155601089808523268						
1264485848596336640						
1204456646530998274						
1202190556258078721						
1155577752180940800						
1241092530588069888						
1197752734826532866						
1273498201916612610						
1162446920981372928						
1197426882259701762						
1232060800426299394						
1245642396576018436						
1245498481608982528						
1273467613427961857						
1232055735753768961						
1174509654703058944						
1231922495986552833						
1241188918797709312						
1197701056572076033						
1241016873166176257						
1197809848131436544						
1264419386254901249						
1265840682935169025						
1197421257538621441						
1204374294580645888						
1197467315748646912						
1197825462531231744						
1231375573278167043						
1204224978872348672						
1162490400785014784						
1263648845285732352						
1232045865239482369						
1197457908683956225						
1155283358240432129						
1204310065068552192						
1201986037108658179						
1155636582046732288						
1197617714140979205						
1201996399610646528						
1155615580755562496						
1231934505889517568						
1231851577327177729						
1202129042591436800						
1263579423120461824						
1265918134902558720						
1202080010309394434						
1174510195801841664						
1162217574207086595						
1273346885093412865						
1184559358094520328						
1197208798131347458						
1196505546133778432						
1196339251815866368						
1197867713047101441						
1197515240348495873						
1184474547271225344						
1174463639870423040						
1197052752498700288						
1162475296513286145						
1174673525313028096						
1240896139366412288						
1231840095357095936						
1241128795995848706						
1273317765173202952						
1196521372480147458						
1197636743295459329						
1197622792356798470						
1196534508788563968						
1155538591969415169						
1232037053384228868						
1197360539481059333						
1240837473393049600						
1197773120247083008						
1197272010658856962						
1231352110228365319						
1245621040207638530						
1241110857997787137						
1162312602694934528						
1197322333645680640						
1231994299639881728						
1155281047191543809						
1197666058531823616						
1240942413025329155						
1273350423068520459						
1245485925943173120						
1155610416338407427						
1241111244502978560						
1273475133991157761						
1240944183495528449						
1196519145644462080						
1174515196460773376						
1162434181818912769						
1204276743852449797						
1235079433783894018						
1231381405432778752						
1197671969594003458						
1155595305963835393						
1264464868758949889						
1197840559668379648						
1241159883694751750						
1197174510396592128						
1162289751011016704						
1197431643939725312						
1196578221015412736						
1155258312407093248						
1196385091003527168						
1204458458747219974						
1162369490832756736						
1196646232841752576						
1232074429003419657						
1245541578812334080						
1204320094437990400						
1155282420238884864						
1162193721015672832						
1201992450425929728						
1273385132041388035						
1155587526469607425						
1245634284259434496						
1202214254868418560						
1273528690463453184						
1234983843133702144						
1184502882344853505						
1241169432430424065						
1196548618272067584						
1197056731039313920						
1241057813960495105						
1204468658115895296						
1197282285579591682						
1245465862770999297						
1204353390475694081						
1155238720238493698						
1196591078968836097						
1245636411941728257						
1155577171383070721						
1231784106226262017						
1162303828190015489						
1235135735889645568						
1204480415253377025						
1245422226687569920						
1197730865599668224						
1204449070577856512						
1162310955042332672						
1174580007425007617						
1264475295425462272						
1273596375654191105						
1155624050280022016						
1264477081431355392						
1155558494503886848						
1155236507139158019						
1265849801670877190						
1197330321429204993						
1196391630191943681						
1197277545378521089						
1240988585194594304						
1184555659989307398						
1197457087015669760						
1240985399473946624						
1263764829917057025						
1197772873387126785						
1245493587376246784						
1204276922580193280						
1184517062623977472						
1197278815636078593						
1202077548395614208						
1155626960866951169						
1155546431916318721						
1273540287177031680						
1245514298190974976						
1197448891018420224						
1184549454143205376						
1273552888523100160						
1201992185945772032						
1162299089339453440						
1155577447372509184						
1155609464306917383						
1184492154560880641						
1264490355321384960						
1231958272003002370						
1202071257996382209						
1197149054116990977						
1155550163894710273						
1197681826376105985						
1273592848919728128						
1231840865921982464						
1197293261121040386						
1162335652869894146						
1162226041114415105						
1235103963390922752						
1240890268200644609						
1197404851644305408						
1245501368720334850						
1240868062187970560						
1197571121320726533						
1232034578178637824						
1197627250520346625						
1204391568796459010						
1273513289213980673						
1264486984287956995						
1196328911019352064						
1197587265461063681						
1273324069920923648						
1197892666576515072						
1155447308005335040						
1240921210130661376						
1197638593394679808						
1196427322657853441						
1202232045398876160						
1231336882262433792						
1231344829805867008						
1245489721830244352						
1196590222424846336						
1265884610220695552						
1245435102735319044						
1204419707605905410						
1245555989048438784						
1196560601633427456						
1241013663097671682						
1174575374157713408						
1231341437075230720						
1245460707178577921						
1197260542366429185						
1201995396089815042						
1196373115346964480						
1273368764449521665						
1235135209407950848						
1231342998358720517						
1196524696910606338						
1197423435745546243						
1264468711135731713						
1202176122382946304						
1174458427793448961						
1197020424225341441						
1155352115667185664						
1235011912007651328						
1234990480787570694						
1245600441326395394						
1174528183053537280						
1197061191648059392						
1197684133343977474						
1197536470246014978						
1155479479055241222						
1196489319759908866						
1197777707699970048						
1197625396725981200						
1202154509113401344						
1273451263091511297						
1162401762822819842						
1197075098911563777						
1240920935563169792						
1245627686090752000						
1196566305987579904						
1202130687190589442						
1204207937436209153						
1231969238715207681						
1197425834455445504						
1197722575645876232						
1196978246233001985						
1204238135128924161						
1265876457827467265						
1241168296340307968						
1263612248184033284						
1273490410443325440						
1202025197672513542						
1204260271176519680						
1235126583175843840						
1196317905299951616						
1231833344557690880						
1197776174748975105						
1231818692637401088						
1235122090996420608						
1263695023108960263						
1197184088387522560						
1197599902483861504						
1231781241088872450						
1197791715790327809						
1174498256988119041						
1174515373326176257						
1197306706881138688						
1232022535161733122						
1273593611758850048						
1231353863678152704						
1197421778072723457						
1264414570434760710						
1235109365666869249						
1196553327674306561						
1263740949265514496						
1264581611884089346						
1263597644653322240						
1155588230894510080						
1273574558616956928						
1196622805892288513						
1197113346471931904						
1231855019684696064						
1174544819164762112						
1155604109455757312						
1196584864960720899						
1204367461006675968						
1162231232282808320						
1197542489735016455						
1196417100279095296						
1155597565188067331						
1231791795513778178						
1155248886522494976						
1240928850814566406						
1155447393552347136						
1231358567552299009						
1196334201072750593						
1273411716198600707						
1197580987410112512						
1155494154635530242						
1263723476147474434						
1264421081370296320						
1197637870959415301						
1197401908174036993						
1241231611158552577						
1204281809867067393						
1196587303419961346						
1273357385885597696						
1204316889746411521						
1265854309981446144						
1232035618890403840						
1231944730918912002						
1155639418197291010						
1231856625947901956						
1235251372494327814						
1202226548830539777						
1232016554939777031						
1196628224324853760						
1240946734790062080						
1197176452829057024						
1196460243183636480						
1196974732211568641						
1231821379424653312						
1162257676308320257						
1197074928362754049						
1197638366524846080						
1264546288730804224						
1263781733159383040						
1264603396897677312						
1197756092836651008						
1231822466965700609						
1155238796369244160						
1155585631168487431						
1241123567774900230						
1204495058239660032						
1231841119815815168						
1273518433532030984						
1196328751409315842						
1245472796500729856						
1264591024191680513						
1265952249244782596						
1231357212423065600						
1155390859053023232						
1245600334258384896						
1184565173572571136						
1265922839913398272						
1273309409435885577						
1264596825656434694						
1232018681548476421						
1197354399741419523						
1155258331008839684						
1240950918113300483						
1197225176406073345						
1174619124762316800						
1162415612343345155						
1235172589020082176						
1232002747656024064						
1155243687514923009						
1184569483974893568						
1231823267377356800						
1162480366143320065						
1196995816398954496						
1231384763556155392						
1155406739514241024						
1162267520297926657						
1231357780335964160						
1263781843318591489						
1241192029780131846						
1231379711529492487						
1264504530668052480						
1197550654132228101						
1263640020935741442						
1197783891916083200						
1245566142678216704						
1235063345725583360						
1162303756270297089						
1235128493484249088						
1204325601735303169						
1232057791587717120						
1202019529481695233						
1196501811718438918						
1265849444349730816						
1197640479413821441						
1231834330881822720						
1174516622213701633						
1231865136673173505						
1197348326573838337						
1241032743074639874						
1197408685691043840						
1273423011211812864						
1162495624379547649						
1155260435450478594						
1265848168589266944						
1263639420554686464						
1174625129764151298						
1235017331413331968						
1197405177730523136						
1204381535258005504						
1263709763520561163						
1197587494625304577						
1232034966722240513						
1263650507052199936						
1196356511552937985						
1174623440457949185						
1234981954161799168						
1231932170740097032						
1241036602195038208						
1196554711861780480						
1204486926260150279						
1155580200350097408						
1273531977430446081						
1273593299153149952						
1232062363035152387						
1231924399625965568						
1241094222285021184						
1197830072444628992						
1162283514349273088						
1231785441034153987						
1263732731437027334						
1264489228395823112						
1162493962407546881						
1241238606645248001						
1263595380819628040						
1155533963810758657						
1197042519755898880						
1241111890115416071						
1184524376336678912						
1197292821117620225						
1162261959250628608						
1196515074535497728						
1264508744228012032						
1196476642597711872						
1232046021317971970						
1265856754283360257						
1196590584095551493						
1196459866971394053						
1263746879197794306						
1241166923439771648						
1196452341869895680						
1241165757674905601						
1245424400951902208						
1265931572508835841						
1265857574106251270						
1197233131360866306						
1155357146520924160						
1273372588341854221						
1162285981615058945						
1202222169486483459						
1265899228276154368						
1273521316759506945						
1162191784149168129						
1245642322559172610						
1265864131212652544						
1240891936589983744						
1235085227510206464						
1197512388372770817						
1263598562803408897						
1273395507864403969						
1240903306572161024						
1245556677535059968						
1155280558353784833						
1174579848125341696						
1196498672353267715						
1174566480358363138						
1174570671222992896						
1197801107185176576						
1204396446277144579						
1231903936631709696						
1273359431145795586						
1231807705368682496						
1197137181376221190						
1197275042503184385						
1202132803724419072						
1245423478209228800						
1155245379270729728						
1196539456263770118						
1196589757679185920						
1265907408062296066						
1273289094160961536						
1196342999493611520						
1204444735747833857						
1196960973883674627						
1265916253354569728						
1263638517302931467						
1155595664442761218						
1232016407489105920						
1241145821640511489						
1184550013336248320						
1231823557073801218						
1245510546545348608						
1162490398557782018						
1263773852452163585						
1231779491913048065						
1231374525507481600						
1204362170911404032						
1162482443527557120						
1204462035364438016						
1235080654955499520						
1273396775274139648						
1155447060038115328						
1273470711915589638						
1273368760523595776						
1197639607770386439						
1264497515677790209						
1155411865071161344						
1231362978450149376						
1240873223941693452						
1202119689108893697						
1245635631482466305						
1155224217534828545						
1202001888209752065						
1197467394387697665						
1241211497012965378						
1155507477758263299						
1155246678276005888						
1162453327440990209						
1263817448266047489						
1234986990967250944						
1264486591638142976						
1162382404721549312						
1273364879320264709						
1240818976839565312						
1273352157522264065						
1204290155999383552						
1197556753073950720						
1231856642200940544						
1197593060215013377						
1231867449022320640						
1197744506583564289						
1162212271935746050						
1155627468470071298						
1231918406494015488						
1273410931196862465						
1264438585756975104						
1174533861662953472						
1155233433729347584						
1264499368129855489						
1265939168376561665						
1273545448742158336						
1231990832250720257						
1162355508386439170						
1196308659757817856						
1263611435936100353						
1155427347270684672						
1197410820998778880						
1174600911978737664						
1273469930713894912						
1155247888286568449						
1204320363326459904						
1263710946691887104						
1155427785940377600						
1197824548089090050						
1155454363902599170						
1231782493604470785						
1196598720965611520						
1155354958344196096						
1197046055701032960						
1155618091734355969						
1155223802957221888						
1240907382374400002						
1240811180551213062						
1202006351448346625						
1273620879369555969						
1196567639696564230						
1245608511704141834						
1162421817178558464						
1162469011587817473						
1197635000323256321						
1273526187084652544						
1240822420933693446						
1263736264685060097						
1162482310723395584						
1263729531829051394						
1264466319702921222						
1155399736536522753						
1197823269476405249						
1155614344924868608						
1263607104348315651						
1162246872792088577						
1174463025438502913						
1174551042136170498						
1273452200287711232						
1196562290096721920						
1162444380797591553						
1232070273291169792						
1245608073961431042						
1245504527173894148						
1155236198664855558						
1196494821227204608						
1155254098377072642						
1263615438015148033						
1241156002004766721						
1202043997428080641						
1231379488581222402						
1196483180569776129						
1174603913179389953						
1231941722982273024						
1162191941611741185						
1174560733264306176						
1231342274463793152						
1264407469088014336						
1273312069375361030						
1263592506488311809						
1204231899721453568						
1196646209156456448						
1245616918037270532						
1204355213747990528						
1196981032798629889						
1197177817684946944						
1273362983750635522						
1162272036892205056						
1196566939520393216						
1197783649292357632						
1245635137737379841						
1264460506099834886						
1197245801384292353						
1202032162385600513						
1197225587355594754						
1263706459260493824						
1197725120489545730						
1197265146722365441						
1155214456433102850						
1162239695805284354						
1196558766772236293						
1231910369158979587						
1204243559777538048						
1265820425143140353						
1197257740252528641						
1231936946731147265						
1197828219384344576						
1155620169508671488						
1197549274118205442						
1231920944886710272						
1263797609833136128						
1155232968333549568						
1264567034806927361						
1263762137043869698						
1202127284372684800						
1174543029530763264						
1235240369220177922						
1204383279354396672						
1196377223697227776						
1234996490445025281						
1273520878786097157						
1174611073414193152						
1241221783786860544						
1264504398631374849						
1235049933666783234						
1231945454578999297						
1174516814774190081						
1197405000118521856						
1197086093189042177						
1231345571073601543						
1265827435884535808						
1231823989665943552						
1264564833543913473						
1245631357813841920						
1240837923202830341						
1197768026956935170						
1197029476602990592						
1231950607218626562						
1273309399126290435						
1197846722761891840						
1235048668559855619						
1155388964746027010						
1263604432903831555						
1202117440890712064						
1197725345291653121						
1231371440550825985						
1196337215716151297						
1245523059903209475						
1232079990033965056						
1197772255213871104						
1240885172729450502						
1204482154341765126						
1202167705261883393						
1245575295307894789						
1273338145996668931						
1263706872001036290						
1197600179857309696						
1196529675000074242						
1162469985568088064						
1174670007504199680						
1197219649001283585						
1240900015117209601						
1162434117780328448						
1162533865812123649						
1231823061655195648						
1265812296305192962						
1155415386592043008						
1232083356411711491						
1241066057995038721						
1202098173705150467						
1245439455219023874						
1240937097365786624						
1204249833374126081						
1197491819736682496						
1174571531797770240						
1155353361224544256						
1196345929793753088						
1155278562561273856						
1235259010619760644						
1197295026184839169						
1263629717053243392						
1264554145584906240						
1202010375534891008						
1264525826994864131						
1265975482060812295						
1184564177664385024						
1162329611906273281						
1235057175598264320						
1155496602691354625						
1204268585591414785						
1155386133007785984						
1245609453816180736						
1174470380083433474						
1241114113608241153						
1231906617370824704						
1273385949842616320						
1245548552354435073						
1196324611115368448						
1273299972696543232						
1196995086523011073						
1196345216464236544						
1174600155150082048						
1231806157511110656						
1231868653739663360						
1196408545698369536						
1197158592174006276						
1197083650791219200						
1231923423531720708						
1184499577363357697						
1162236514228563968						
1231835915275862016						
1273531414106066945						
1204240637148708864						
1196553966663950336						
1264460771486023680						
1204330071441465345						
1263780040027836417						
1197785066476359680						
1263577221253431303						
1197597051472818176						
1235039514357354496						
1184574596130967552						
1245463984607821827						
1155426614802599937						
1265954781757128705						
1231354214514905089						
1197810979494649856						
1264613787941908484						
1162388307822686209						
1263702693631188992						
1202065620281577473						
1202235254188204032						
1204393291111899139						
1197019388106493954						
1264425113828626432						
1273344368833953794						
1204249512958668802						
1196440649853214720						
1197228639051567114						
1231860632544256000						
1245518243273551872						
1155217606820999174						
1162256579787235328						
1240920840654512131						
1162214439992451074						
1197411009335570434						
1263593702800289794						
1273611610456764422						
1155378163544993792						
1197067172582973442						
1155400593986506752						
1155588952725868545						
1197508498071965697						
1184519634034315270						
1197844040252895232						
1235064880450826240						
1155272718457147392						
1197788805299916800						
1231858854176198656						
1241142908088127491						
1263590193178619905						
1155384805825089536						
1155483176019615744						
1197060888844492800						
1273438616447049728						
1273418307996090368						
1202021023165681665						
1273386665084702725						
1231853066317651968						
1197002778134155264						
1263676889266302976						
1232069360358916097						
1197088030986788864						
1197488711392538624						
1197791265003311106						
1162241242974941190						
1155583744075542528						
1201992079318102016						
1202125313712558080						
1162458948802236416						
1174664946950578176						
1155538567000731648						
1273609502135390208						
1174601740072755200						
1235261857272868864						
1174629628268490752						
1232057815927267329						
1197320289677434880						
1273442313570856961						
1232081077512146951						
1197616685345316870						
1204491358024740864						
1264447695357345792						
1201987601177157638						
1235090377368932352						
1155421307321892866						
1197044913889841152						
1202039952533536768						
1197848438400061440						
1232026797228929025						
1174579054722330624						
1202053366504984577						
1204291669262241792						
1196336164170608640						
1197278128286183424						
1174581645514608640						
1204377513872506880						
1162331981482516481						
1197490970432020480						
1196475813824270336						
1263837001746448384						
1241240946802675713						
1197285759293820935						
1197844040252895232						