user.id_str
753821636814528513
753821636814528513
248637302
3238329340
1393083324
835809553589526530
2172845379
725757546
708125875833712640
601884300
57603874
359771379
18327622
42433319
1211310836670582785
53881485
1866452389
722604391983788032
193655659
489963120
1173562880215568385
713403
310839743
34573748
179873379
2421887412
1189422979823702017
1106526190787936257
282568075
24984458
1108565574
191761621
904072386
63477793
3007333878
861252867318890496
1580095729
991902483189383168
208944875
23807739
2930868324
27594282
2295666326
3444353714
237441210
1008296232261783552
113312341
297148960
36022291
871592496328884224
1565529235
1030289056247177216
868101092676050944
1153682741780598785
70952951
1165080619
3323547919
1245597742748983296
49937723
1386619502
345275528
1075015263391645697
431125153
431125153
756083590216114180
48673951
1014042087501660160
1014042087501660160
177015949
1034272047134793728
2337781680
558292509
4035582680
150990745
735555577883983872
434497754
2195423840
297148960
1652439061
777281389
1173562880215568385
462067110
753821636814528513
107341163
746836373269712898
215562059
1101343604180578306
312967248
1174176703255666688
1152226720889466880
312967248
756640129150705664
3823445472
395908023
364614738
1089546518728568837
22559876
864151160
125147791
2199299744
2710826887
2199299744
27128737
4515
141503061
868101092676050944
547944230
3153741164
141503061
170238260
830742803063795712
196117757
826332877457481728
38628180
46675401
87820328
1157148438846308352
2866330033
1195495050911703040
216001362
875180831425220608
142895119
871284830708695040
2295666326
2983619604
744466500
154520925
21808345
1198375045732552704
719502445
29710633
347877534
1006191138645032963
347938808
262579951
275581908
128167664
10454202
19026728
2701747572
875180831425220608
15167686
50298176
36902030
1287901176
2963151673
22111680
132865099
1259015875937464325
1121999566289555456
2820223897
868101092676050944
1442495088
36591560
1014744625272115200
747123066
3306588696
865239594077499392
64146945
46541926
2650542200
1108565574
23570504
931363050665287680
851280259290775552
26956878
50318402
878655300
1145008539254972417
548925465
22248280
23421423
2209239877
316927760
437980269
289290789
497329943
34889083
2199299744
737216287219154944
34889083
914693180259368962
208944875
962136433
962136433
21425518
2270999887
20032587
803399956019040256
2378693498
14289331
986277960
59745423
894413450461429760
1066556694736576512
4028846059
1147331532798881792
14160364
1117643769749262336
374408898
22599303
297148960
2835319514
2591068388
56254574
27997833
963289553682317313
19711206
301427694
41741127
4032367415
2799279631
208944875
695414158016192514
227560734
3223046826
2265736110
19695954
398446550
783491763218423809
535267204
19573120
14294400
130722289
985388275
983876262614654976
2884465526
38650214
22708423
770976049
26630423
3017926214
39051894
119982862
34127111
20947591
823550539
37157016
607676846
738365131
241926759
387544419
1016230039287840769
22248280
2300782225
216484327
2820223897
3168041406
2909402289
1041681098474840064
1061139441417314305
1025939055215689728
746804263
3243357940
3897714794
21193878
29937989
610949681
94530861
2266986421
1051045759292862465
22111680
354650203
404491165
256863305
3403570874
347424817
1047380760120848384
1875497383
92033426
2881966434
164786871
141789345
462067110
1041681098474840064
2862477860
1243025179
1922187930
583230721
3825330973
46852364
867850609084465153
823550539
2979486932
1017236062681247744
183577856
823550539
823550539
1016230039287840769
25679722
20077591
823550539
124157007
2388698742
520524076
27712484
1970791
53292926
12135892
994824106448179201
23896497
262093392
823550539
4057196652
26630423
820431428835885059
967257871913172993
2396884093
483650673
245641487
827373219296391168
263409204
21523882
1050923840291790848
1440915414
1910081821
170631714
91876715
1652439061
50298176
823550539
1119489157875658752
803641382
414453184
81957754
18327622
215562059
1126012840681205761
823550539
2421057675
140421021
635418577
3030205438
206057032
147801884
734703554
119977356
96690601
67831021
114128072
1083542374083489792
170238260
2676329593
1513804554
20236790
1129103735420882944
496112511
1431555540
377236901
241427443
868101092676050944
186749568
126776118
1652439061
1020619449253019648
15513006
1542402698
491151645
446073147
707134246414987264
170238260
214770574
1080058461122048000
295655906
51378153
993931969
1080058461122048000
33169302
484653639
484653639
993770926939369472
2820223897
40648344
530961025
231140592
375683285
742677569145704449
823550539
1139821412804227072
2866330033
23554087
2238962702
823550539
404491165
144404210
734703554
988686980
34884532
34884532
52352657
1060338999611420672
795271639
948688322
821625889058422784
1020619449253019648
170238260
40964106
2516200741
3147946819
826332877457481728
1006232250
710005694
3147946819
997073821
343730144
977381698458435584
1445711233
462067110
823550539
19965602
823550539
616813699
718901215543726080
966122707656982528
1092390280865566721
504266819
823550539
823550539
997073821
456507023
1964781961
979132953232949249
1075149073
21377913
823550539
1589142252
70353173
450621234
2477919056
2906810304
255812880
1030771816199942144
3158539489
3147946819
261761534
2879397149
14573272
3318631394
715096947594387456
557333386
1116924360709685249
2316960776
380749366
1027160534242611200
1092390280865566721
380749366
4903200306
2468164758
46868915
21451212
21835219
554926641
950655006
713403
2866330033
462067110
84552875
95150061
718901215543726080
1166237926138626050
823550539
921951708955025408
20102892
823550539
1067871289
823550539
703826732634124289
1970791
156040748
1141990436346585088
1142776411960164352
154717863
143009202
4057196652
864151160
868101092676050944
1036878541860683776
3147946819
3017926214
13818232
2820223897
3311983394
473448446
2437156333
2371497864
823550539
2437156333
2437156333
388718307
817665757685248000
387420571
1059286494328741888
1089678982847488005
203509466
754112287896539137
242299173
23853876
297148960
205611797
2471793524
615960562
34889083
20084233
28570424
3823445472
162266849
1117875109
573618378
2377985859
366943105
27161628
721951374473240577
823550539
366943105
1382322426
951092480
341249189
707173056
493823569
2502382131
1137562877907177473
622789478
818385310765621248
171058766
339522364
172246187
1180380244844277761
210786182
185983486
818139888663011332
29700947
252819589
970191219740454914
2835559901
2295967722
823550539
2341274372
23890345
19817331
94585236
19852340
2571454544
3038732756
395908023
3781407919
752013388281098240
1045000897909026816
982248971962740737
32838237
1183361341412626432
80929513
249698402
982248971962740737
981442297
2361011316
403251856
826574650138243072
823550539
16234992
21466069
823550539
222145874
2301078271
63429201
2615171264
868101092676050944
1069123361387667456
777281389
62678384
953229383044493313
6755322
1190889909373980672
2809828374
1152050220
18650140
1652439061
128167664
252426781
17087391
3012028590
986923853841547264
724171135131099136
711697625100066816
21828233
39101014
39101014
1033450012514996224
1211310836670582785
130965104
30644318
373581301
823550539
985388275
787183916654403584
1034608978976620545
144404210
4127072894
750560105108738048
507253975
754651191657705472
733884203956211712
996620065482067968
709537204582879232
366943105
1177339690615074816
1092390280865566721
23554087
1080755508653346817
21077990
18615925
366943105
1431555540
1116924360709685249
193655659
775117994
58728816
845034048
783491763218423809
1431555540
391748902
1200265776
186738891
1100675395446161408
3101414352
83112941
23554087
275161330
823550539
128167664
215562059
727276934787268608
1173562880215568385
795271639
795271639
2183674998
437266662
795208615
963289553682317313
846862787259248640
345376584
600889822
1124586912
850264190
394022301
90770100
1089123986372349952
1089123986372349952
90770100
742038494856388608
140822144
30342972
137633666
134276631
379718871
366943105
531192722
755173670
907645652
64966094
56515506
837251951083454464
763178928009654272
707774180612112385
1056421337353281536
2361011316
2177107836
21828233
22350580
215562059
121290977
26395645
525174176
282568075
24166347
222457964
2199299744
819548390362988544
2354597778
2199299744
2199299744
55514310
884695684967940098
29344620
185901720
104745255
568771065
875345778092277760
555090621
1073040853
695414158016192514
3323547919
2573520650
906341855637381120
27138454
631368205
1005935554901377024
48881982
1067776947986423808
620164570
393769749
1097685965219409920
376551482
781995355277627392
2295666326
2295666326
19554076
695414158016192514
561472684
7446652
7446652
366943105
2395134163
204220328
2295666326
7446652
273189933
900559103545573376
345275528
899114676209950720
27800134
1850195498
242834137
724599006555316224
4856228650
695414158016192514
1064354764673056768
884780843419394048
22428786
11369812
787613352658808832
22428786
1086575724096442370
7659152
1246155464133316608
213177669
198423447
1652439061
17583488
1086575724096442370
228664718
612441328
215562059
738024256970186752
259655400
823550539
1081203756555952129
606203064
859548153124577280
14884128
22428786
22428786
298410389
1903049988
404832272
1041626063577669632
4295622433
1231770345150930944
22499952
252017144
465388238
1068457430965616641
1545860762
960423611356950529
25659140
19851932
751767589232054276
89391137
2492135514
93624225
1115620952321085440
823550539
3252401011
255408879
451979107
712890439565611010
594211212
988686980
70374894
143405275
17309910
58210128
296265427
205643807
1082453771517476864
986923853841547264
134762094
2928071970
1231770345150930944
1060522279627452418
25943764
1231770345150930944
36657198
94585236
3147946819
4858814298
3079637138
25798403
60498116
629264424
3187262558
17981271
560337849
203741722
284338396
4168156339
4168156339
329637574
2452669952
396888902
2452669952
51704231
401023951
2853932587
198423447
316927760
324736705
2900359748
148713858
1067100595
33779659
1877646769
3027088163
954862501656649728
413763865
2229606643
49808343
828189298545483777
1173562880215568385
102512943
166066015
1251693247
22546220
1044833449129971712
432311523
899114676209950720
600760256
26182006
26182006
1139821412804227072
899114676209950720
345275528
216942210
2309398795
267990329
908674270141702145
97634079
2866330033
1195495050911703040
2954306360
157006036
756083590216114180
1139804118828982275
1142265060
822581170353426432
1081830088906235905
387050716
1083264103659929600
1109571219978768384
864151160
1120636669256818689
86235680
3622601179
1208679714082021377
292878093
861970737606742017
261715842
1875497383
794164254693699585
2199299744
997073821
160519739
3243111470
23202187
1180949170611343360
877734336
1188589891
1862100301
462067110
1232272910040961024
1225995668495273985
310781354
530839582
26395645
907048650580271104
921951708955025408
403237084
51263807
14152000
1075424857
1139821412804227072
1057799497
3892523359
734703554
601742534
1259015875937464325
2231897220
750194110405849088
1010845245917892610
1029143081205940224
21062457
21062457
1195495050911703040
14579124
840917576
384292434
179061870
179061870
184016348
1596987152
756640129150705664
312967248
22111680
16924832
16987190
1333443103
735243752340606976
710771761554411520
3267835105
3270298826
745091618638704640
534247470
4421591
986923853841547264
326793122
828189298545483777
1229384466079989760
373306465
525203032
736717692153909249
2900062862
301714991
216942210
1654861243
397890128
867204490918674432
1063374877552340992
1652439061
715797023262375936
1030289056247177216
823550539
30961259
2686251643
1159708752221618176
3225707852
1170107476500340736
1159708752221618176
2983619604
310089038
177892188
96003367
149001382
398446550
512506918
93624225
826332877457481728
203707739
28455800
125966823
1243522007280435200
345275528
400919705
431125153
580676229
1241973077883273216
1195495050911703040
2820223897
323777371
193655659
1250663339438387200
275436817
10178852
2597349793
823022931068391425
398446550
196117757
46232643
312967248
30205761
149320887
2437156333
2437156333
2437156333
2437156333
2437156333
2437156333
293886497
908918362671013894
371068152
191761621
600760256
600760256
28455800
1127973452827119616
1233541630835253249
331492392
44745519
484653639
171477290
3165710186
166031697
29283402
14898307
1341343152
58728816
1144225919281745920
93624225
1635500544
66986880
27594282
24111560
86115300
2667351132
349484164
22609885
26244407
86216180
1159708752221618176
1159708752221618176
1159708752221618176
1159708752221618176
441093075
751767589232054276
106997010
929855554305929217
365738865
365738865
1218266382
144573947
34211470
823550539
3323547919
18968480
72821065
583012225
2827455098
823550539
261136325
22829127
369158562
823550539
823550539
786381114138951680
823550539
1104904518775402497
1142776411960164352
3323547919
1086514371365224456
1652439061
886219775805804544
1247543330
1086514371365224456
1661736043
174603149
33076726
66625087
489086767
837507956
613167846
823550539
886219775805804544
63477793
30205962
30205962
719153414274359296
710680924
70344806
24056576
102045131
196329102
823550539
441699470
124700582
124700582
737448300861759488
557333386
823550539
21835219
823550539
1041626063577669632
22279048
713403
260928370
120436286
960648780696702976
534022355
823550539
2295666326
20026541
60505901
127452607
2866330033
1652439061
1899124170
382548929
254093702
2936137963
170238260
25475641
895324410395021312
277383649
220591344
170238260
354650203
534187153
3035876330
449306256
29643234
123190171
1040592140
1180775616452280320
51521201
3197633576
3165710186
3323547919
86110483
3243111470
1115620952321085440
783953913019965440
823550539
1080755508653346817
2593201435
8754612
823550539
24090722
2265736110
395908023
715797023262375936
228664718
252017144
23912786
240966260
170238260
3287315527
18968480
3161775062
3187108285
2820223897
161563201
449306256
72238031
1116924360709685249
22111680
323190174
2988466789
161563201
354650203
395908023
2167994365
732381677687853063
151882209
26071407
960423611356950529
3308084535
186465037
136581359
786381114138951680
136581359
395908023
823550539
141789345
1105326092200505344
214059201
776324669712375809
800641723860799488
346943151
164649799
22428786
14866613
22428786
17075961
1081203756555952129
22111680
2271750980
2820223897
777209308551544832
823550539
305934086
491151645
167360830
1056885152490508289
823550539
823550539
1165080619
868101092676050944
2906539788
525875778
740466265207115776
40648344
847996616082456576
823550539
18865456
3229331390
1168477352256393216
1018660693
30199225
95590641
2809828374
1108565574
703507745492762624
233931188
292484553
557873874
292375093
253463599
2591068388
2439646116
22050679
936419148
2891504473
991902483189383168
1196757808282128384
823550539
45151739
1162566629810507776
1629235158
3301086561
145056947
119977356
1198515188233691136
1006191138645032963
868101092676050944
114128072
986134120509014016
991902483189383168
362932624
151465891
15466072
562559084
562559084
2764887816
734703554
1006191138645032963
15223624
761105580
48919782
960423611356950529
1196757808282128384
712869474878296064
33193919
4886511602
27841495
290962989
27841495
1006191138645032963
4644292634
4644292634
3157621616
1111141276705972225
458184349
795271639
339941459
986277960
249937694
414453184
374408898
543218867
1104295492433764353
1192272575088361472
590479700
785433309773901824
967402582208466949
967402582208466949
1694980656
1048110878074327040
2954230951
38650214
177507438
94479229
21466069
868101092676050944
504266819
552543142
3160678897
629190909
14990869
2900946415
3160678897
53292926
2866330033
180311087
907645652
252860272
517766511
2580917016
2599325539
2599325539
2429143855
985388275
277379318
2983619604
534179506
1642760383
19700412
162266849
2785189758
4761083833
993931969
1478182446
282600888
52033819
52033819
286394862
52033819
52033819
52033819
178668778
1191236550375305217
2179979474
27471552
504138323
1143405477839044609
1589142252
147544518
65027104
36627912
993931969
2901135169
342046923
396888902
1131012303401308160
27832602
3793998941
226908337
1902243068
864151160
15860051
4777982006
3158539489
104439406
2906810304
61522277
401023951
1131012303401308160
119977356
29080193
275450631
355838462
1319409151
976720256470106112
875180831425220608
940587611957092352
903197741035094017
1215073239614885888
940587611957092352
