user.id_str
3007333878
76543972
27624341
4686937518
906341855637381120
854992775640567808
2243786479
2885602614
1183927615767240706
930095618839666688
99367063
21826627
1033532276464738305
1261723238
984709840474857473
269585322
324117356
3035347339
838902585184542720
826332877457481728
39689940
3236536471
912146752093937666
742952771964567553
15815709
54338252
1652439061
178633254
92967006
352579709
2244014227
739770745572622337
614090734
2879122501
405369318
1270082504
2847795011
4322041158
45082673
865970382
1197242703605420032
19277529
73087673
254093702
839934611283038208
201218361
1208679714082021377
46074374
45333933
3002612144
993342005404028928
1961514072
994184580
51961777
1455526074
850698541
133109824
353442866
2471793524
449306256
456075397
54472678
57462898
183602751
1052460891575205888
1052460891575205888
1052460891575205888
478402719
3327730338
1688325404
469662580
24861431
756640129150705664
4322041158
956037976156499968
53790735
501545676
121033412
776380093635506176
14844223
798349068896387073
14294400
590538549
3104159757
2930868324
381347957
942839906
918804896
117293132
324256718
20032587
457259847
826574650138243072
490232734
401023951
19277529
957540402910785537
180311087
297148960
347717075
19704056
273810765
24166347
2199299744
216309780
112805831
2866330033
136581359
136581359
2183674998
1000911696288890880
1116924360709685249
48881982
21926199
446018467
976698544118616064
28072267
15491451
187840632
733476484526968834
840917576
324983356
22734723
113511497
994184580
100637766
2909393556
295387794
19711206
19571186
310333636
713806670
16463110
1033627553817276417
142895119
554360925
759921684543451136
39384437
999882380952285185
4887977374
16987190
411364768
255812880
255812880
3100178844
783491763218423809
169844049
1875497383
533212364
2562993614
940894772
592280773
1123050703952367621
712289862
1132067722760675329
924316878
68110708
1948207362
124157007
1074947287611142144
1089546518728568837
121496368
60317832
262206682
19640091
80262971
361872400
410636063
28800358
632948251
95705035
263409204
1036797080453275648
977403517
98011170
22279048
4057196652
2839532984
28014052
108479549
276424213
3149616019
1295883343
256863305
27138454
134139686
542532287
1166850431663738881
1596987152
2234220530
17700274
110316459
265719691
2650181389
712913012126982144
22111680
109910593
18569694
3892523359
1884741524
222760645
26985856
24499399
2465855090
979132953232949249
14334354
4666024819
882548548159520768
768039948918194176
2918253344
1053481658534395904
404508332
93624225
1650104538
4701409783
1030289056247177216
886468533252612096
15092911
2881966434
585577067
120050192
44849350
2305791780
45089233
1030289056247177216
897306830
138482690
957063450936553472
20386802
26835180
85536098
85536098
217815952
217815952
21642162
367101649
1115620952321085440
28525266
444284061
2164632716
1130079539663581184
96088711
1147331532798881792
34663
300603976
3709622534
3709622534
986160079354261504
102499819
438970262
94544739
113616577
4034803644
1033627553817276417
923070138483580928
591603041
22111680
1026608913108545537
1033627553817276417
498528871
252426781
451021543
2765723004
1102891662378885120
366943105
371650865
3681553813
15902523
371068152
753731026371899393
882180865
826574650138243072
905265597180657664
45572979
723587511079956481
22315925
1114605739136376832
519196887
424954382
4600119198
717202049285431296
63931961
1238679245787987968
911101967128072192
1740146198
1195883408133541889
2273012406
23966689
38080879
1131145810861649920
104439406
63552281
202980899
1200359005
929672629052588032
232741193
3300579264
14307917
232741193
797253160670633984
1968175136
1054565203
54800145
34175106
169712273
93604395
3323547919
2253035442
571488084
279127068
377051958
1119865130861219841
17306155
1978358988
54509352
621847730
258699121
957064899405873152
101436469
736439119883051008
2253366758
724127592912015360
211441130
25795187
1089546518728568837
723781440639361024
3169311655
13886322
1112030487319470080
1089546518728568837
63112466
283969279
17690866
402501656
401023951
14076230
22896352
305851108
14600009
1067776947986423808
28495506
527989010
231787868
191761621
973839893402148865
383300059
383300059
921951708955025408
9360352
1089546518728568837
16596078
213177669
98405538
437980269
738354560742219776
51961777
338211056
27471552
98244372
14160364
27202206
157940318
1661807318
2956185402
1609496120
3006523800
898152954464681989
3277827936
746804263
284492855
3145726708
1215548985026285568
31699940
288928643
2834440775
555090621
174502695
243191777
45494215
425305770
793953935556046849
100637766
264564352
757815294370865152
500697674
1234658029217275904
360082628
22074720
2906810304
34573748
16005515
49465656
240085776
23167240
349484164
976723877664514049
1197103763078565888
1019624587104018432
956955882
858867476
353979164
1105843374253211648
1006147538968199168
3072149233
88632382
158729224
14380723
908674270141702145
349484164
629404541
254806670
22111680
1661736043
12757912
1582969298
33169302
814092805
1112557116303142913
2386977222
49323422
43344873
21449987
465376636
722866087
248458191
1131012303401308160
29622368
224912684
825337802015404032
1001988466568118273
159736728
63069403
366943105
1069595312350609408
800305026245627904
28425776
467130216
4911948146
2602984855
21948091
218491362
104439406
30199225
47791811
561189792
17618222
18790826
1010845245917892610
385314709
385314709
1647794293
1647794293
3149532739
1229384466079989760
34308241
136581359
284503194
815505693696327680
20564165
715283435292471296
1241320570496536576
56085281
3034153950
837804929150394368
4832659738
1652439061
124910911
1055647941287788545
2930868324
951713042256904192
1180949170611343360
37627240
2166333427
962981313375436800
53829635
798349068896387073
1319409151
1319409151
1044833449129971712
555515467
1241320570496536576
350770579
2820223897
177175015
19058695
1178920717062045696
815043860917161984
386943853
36078472
1143248352684855296
502782523
483525184
24166347
24529133
386398967
422266907
30205761
308706937
40158651
103833636
372753322
774119881788624896
19279636
1143461637858287616
792638371608662016
907645652
2408474408
85243046
1186253711095422976
15316577
14160364
998523678806622209
246660718
1161974941404688385
1133553381576855552
3116294586
1541358534
290217362
758667260
381347957
321867245
100379165
41741127
962593908193607680
59424954
123496272
3238329340
1124964189464813568
1334541097
19952935
63477793
829957551227707393
2389123434
63477793
27804735
365183641
543218867
18546251
374532442
25484749
136428293
43109416
747625079693938688
335274365
34573748
796404385114943488
125497633
1907814728
1419369787
1419369787
1419369787
328550593
822349225
25225437
895324410395021312
216001362
3323547919
63429201
726564531934097408
22996791
16294267
72238031
819818208081215488
15040381
1019513772245782530
926778842
984094862
714093209224224768
224605415
795092255639932928
224605415
2942202286
216942210
221257129
4288066339
2389123434
2308628320
432311523
22234284
578628039
30397294
1594759370
1541358534
26244407
24499399
365110774
1082238940382445568
119977356
2417135688
1021173498486566913
4701409783
4297025612
778891000823418880
292484553
3153741164
1163482045294604288
1135705952
14947145
1556949756
35626169
27178485
2179187430
260142844
427380968
46868915
2840752476
734703554
617031055
1116924360709685249
237022720
1010350910671736833
1390781
800305026245627904
149761069
149761069
710400602086313984
1131012303401308160
2377985859
845034048
768981876
465079803
838704231540383745
581798418
2689128074
444284061
3070568420
3140878290
26223813
144543173
353018532
3709622534
1131012303401308160
19143414
629264424
387491597
2294265482
100887036
1193760317785825280
49828582
40549967
112946975
630072261
112286321
37442486
74481236
27848973
27848973
27848973
27848973
27848973
777817036168704000
777817036168704000
291521804
139068206
722076001086222337
2224376731
101468275
14075404
286479775
2179979474
979338661044019200
96102016
568825299
292484553
4127072894
285369887
