id_str
1240817588344504320
1240838502314651648
1240839674270076928
1240846092008222720
1240846386741952512
1240851634084704256
1240852849665269760
1240857437353037824
1240857951071436806
1240869249658175494
1240874462955704321
1240875265355419648
1240881986903740416
1240890485410893824
1240890897388077057
1240892524635381760
1240893074638868481
1240893516315844609
1240893639217168384
1240894392568692736
1240894394183454720
1240898845376049152
1240910149419536386
1240911014322999297
1240911508680216576
1240917757752791040
1240930242018963456
1240932051529818112
1240932901362925579
1240938005507870720
1240942108363468801
1240944753484554240
1240945714764509185
1240947690835345408
1240956130529951744
1240959783445774336
1240959989474181120
1240961303830618112
1240976145966706688
1240995401064312832
1241098962532044800
1241100812023205889
1241105842671210496
1241109610922008576
1241111592499994624
1241127767384543236
1241133460187561984
1241145145992433664
1241154356692451328
1241156143126200320
1241158650015526912
1241165305780543493
1241175393924612096
1241175797534044161
1241195254608326656
1241195669907320832
1241208578125385728
1241235950660767744
1245421812801888256
1245439833306095629
1245443091617603584
1245453167204024320
1245453918966087680
1245461115783405568
1245462474960199680
1245462901621743617
1245466651065118720
1245468367000965121
1245468826956754944
1245474954373738497
1245475698837344258
1245483919702515713
1245484657107333121
1245485057244123142
1245494068248891392
1245500000311717888
1245503205733064704
1245506680579690497
1245507485412151297
1245508602804097024
1263581322900955138
1263582427147956224
1245514536775532545
1245515504074100736
1263591408838967296
1263594368985739268
1263602044323033088
1245529965438758912
1245533879017979904
1264413198675062784
1264413378111516674
1264414035996545024
1263607594825814016
1263611093135421440
1263612349878951936
1231772104502259712
1245542333187100672
1231772406940721152
1264424781572526082
1231774241172918272
1264425637185380352
1231777668959555585
1264429630716440576
1245550667181121537
1245550882185338881
1263623685115506688
1245552063381110786
1264438117538213888
1263628107652542465
1264440248282443776
1245557177349058560
1264445239869276166
1264445438431596544
1245562257850822656
1264451127480774658
1264451541999603712
1264453277057314817
1245565365565812736
1245565611733893120
1231799059305779200
1264456702184820737
1264456957395599367
1245570140143378432
1231808534355927040
1245575492167598080
1263648962092781569
1263649225050427392
1231810475223961600
1245579434440028165
1231817415857754112
1264477295575805952
1231818708022001664
1245583594300403713
1231820923021348869
1263659586122182656
1264485636389474306
1231827776170119168
1264492345199738882
1264492996185088002
1231834681726779393
1264494228354166784
1245600196131581952
1245600695249563648
1264500243069956096
1231844281519833089
1231846197276495873
1263677036867973121
1245606255286054913
1263678092989603840
1231849650115579904
1231850388350885890
1263679444457099265
1245608453223010310
1231852292812394499
1245613948230963201
1263685912287866883
1245614932139184128
1231864205898158081
1231864422215213056
1245617842659012610
1263689726957023233
1263691553416986624
1263691931265073152
1264523263964659715
1231869790165372928
1231872044519657472
1264526402663006209
1231874499613614080
1231875184266604544
1245626892180324354
1245627076511551488
1263699200166047745
1231878979872686080
1263705473984819206
1245633417074454528
1245634297064644616
1245635290774900738
1263708488766644226
1231887480179183616
1231887491763970050
1263712410633768960
1231891562751119365
1231892014272151554
1231892734132264962
1263714048291426305
1231893670951079937
1231895004236238849
1231895227859795971
1245644075337842689
1231897122997448705
1245644301008138242
1245645060810539008
1231912444743651328
1231915324691271680
1263742466563473408
1263742716019478530
1231920572449214464
1231920916323373056
1231922236656717825
1231922237092950017
1231922681110360064
1263753849950449665
1231927297977942017
1263759917610987520
1231929175612592128
1263761648566759424
1263767225120497664
1265842398896283648
1263769659666554880
1265847696486735872
1231943879185723393
1263782359142248450
1263787201436897280
1263792351186579457
1264596439478398976
1265863292917964800
1265871784546467840
1265872151007166466
1263806834139230211
1265880363844251648
1263810539345477634
1265885871288406024
1265889135610347522
1265893952818995200
1263827264472444929
1265905096291807233
1265909962078707714
1265912838633041921
1231994971722412032
1265920635391430656
1265921401237598209
1265925100659806209
1265927993668407296
1265928831384170507
1265941923539218433
1265947107602526208
1265951070179581953
1265951233333817344
1265951595004493825
1265951821987672064
1265952134723321856
1232019579452346369
1265957189492961280
1265958122905931779
1263864274381713410
1232028170800566272
1265971261483565057
1265979730957750272
1265980023799861248
1232044516510752774
1232046718902034432
1265986551298711552
1232051269746884608
1265993037202653189
1232058220820271109
1273307402394202113
1232063214789091329
1232063411992682498
1232066138332250112
1232075868752642049
1273345866087219200
1273367086035660805
1273367277253976064
1273379282622885888
1273379903208132616
1273382650082766849
1273384326554546176
1273392558224228360
1273404776286470144
1273409607688269824
1273410248057864194
1273424982463311872
1273425966153383936
1273426606174777345
1273447277454032898
1273451363238739970
1273456809970262016
1273460582528630784
1273468499256631301
1273468948936192000
1273468998206713859
1273485580626612224
1273487169198292995
1273492008791756802
1273495582342918150
1273502314683199488
1273509095685763072
1273510233797730305
1273511379522121728
1273514710424416258
1273516737502171137
1273520811492569088
1273534962113732608
1273538661775220737
1273543852201132032
1273547673270800385
1273551603287511040
1273553950470369283
1273556409423032321
1273562495093891074
1273566303307980800
1273575364430725120
1273576823624998912
1273577632576139264
1273577804572045314
1273581755857956870
1273584928408535041
1273585072466059265
1273590486956040197
1273595790619885568
1273622047273349122
1234987910811635712
1234988089665155072
1234989280650383360
1235020504005611520
1235024491660455936
1235032677410955264
1235034740765405184
1235041162664140802
1235059093305307136
1235063320903741440
1235069015258591232
1235072984013889537
1235090097525026816
1235090427646115840
1235092867619500032
1235093265285672960
1235093746028408832
1235112426883842048
1235119367991377921
1235119680076959747
1235120779269828609
1235130468535681024
1235136011782381570
1235144169867186176
1235147506708709376
1235151397777096705
1235152124293591042
1235152202458492929
1235156544813256704
1235179394358005761
1235204159772561409
1235267097778782209
1155221861589897216
1155224199293591552
1162177482381938688
1155238159799599104
1155247660963696640
1155248138204123136
1155249031666372608
1174453517261496320
1162202273889394688
1174458568705269760
1162208623746940929
1162212561778954242
1162214022139133953
1162214423513063424
1155269775062233089
1162214638127218689
1162214772315529218
1162215589969969153
1184464288515153920
1162219468962930688
1155275984372936704
1162222616507113472
1184474354358177792
1155282915602788352
1155284341766803461
1196314694845231104
1196315044532772864
1155286432405184513
1162234417621827584
1196315616241737728
1162235587882971136
1155287454640984066
1174483193224761346
1155289050267435008
1162239379420536832
1155290447650197504
1196321504356646913
1196322006393708545
1155291212892389377
1174485810197872640
1155291591927484416
1155291763084419072
1174486759100559361
1155293705823240193
1174488176699662337
1162245730083360768
1155294775274344448
1196329085573697537
1196330629417193472
1162248873923895297
1196331897325944832
1196332340647038977
1196334258953998336
1155299138768125954
1162253601521057792
1155300377836654592
1162254303039373313
1196336713586495489
1196337779296223233
1162255537557213185
1196338787682418688
1184491549586903040
1155302546145071104
1155302646296666112
1196340270196871168
1196340603811856384
1174497514843561985
1155305067005636609
1174499099900555265
1155309181009743872
1196350000311259137
1196350399004807170
1162269015252668417
1162275890618753026
1174508651714736128
1162280935607263232
1162282795583987712
1196364661123207168
1196365446414577664
1196366056174043136
1155320988201938945
1162287430818385920
1162287654915809281
1196371432877383681
1162291300994932738
1162291499637194753
1155326711359127552
1155326754703204352
1155327335924559872
1155328031147331585
1162294640940204032
1174519792868429824
1162298474529841153
1155332200306368512
1155333925440327681
1155334308829130753
1196382893028720642
1162303077308743680
1174526289899704320
1155338664744050689
1155343616069505024
1162312452240838656
1174534727258165248
1162315935006334976
1162318825901027328
1196399829355614210
1162319600349900800
1155357957829402625
1155358884409806849
1174546645234737153
1184539292758167555
1155363569711534080
1174551037908176896
1155368439596236800
1174554165768417281
1155372955091623936
1155374576236285953
1155374592581500928
1155377944493264897
1155381563330187264
1162339627287470080
1155382193763446784
1184552912657117184
1155385622108000256
1155391382669783041
1155391397710557184
1155391572759891968
1155391976306597889
1174580966515306500
1155395720352079872
1155396048862380033
1155397123132674048
1155398221889331200
1184563388950560769
1184564050048487430
1184564429452664832
1155404446333112320
1184567094643515393
1174595884744499201
1155409763686944769
1155410551180103680
1184570140299448320
1162359072533839872
1155411361570029568
1155412600819048448
1174601441861726209
1174601459297439746
1184572250176909312
1155414958357671936
1162361837507100673
1155415334419087360
1174604008478171136
1174609544594386944
1174609728275533824
1174612077538754560
1174613160520667136
1184578918117990403
1174616327815745536
1174616493159415808
1155430580143546368
1162372680214990848
1155432025014145025
1201990987888787456
1162376733691015168
1201991259566379008
1201993061045280769
1174632728869781504
1174637466340536320
1155449413273182208
1162387424070160385
1202004605057617921
1155456393312235521
1174646175024087040
1162393961006166018
1202013509317300224
1202015626866413568
1202016366213107712
1202018195474763776
1155468576762945537
1174658779561918464
1162406830435291136
1174664429557952513
1202026041654550528
1202026705541427200
1155477843142270976
1202028447033446401
1162413657759703040
1174671554191360002
1202034128981561350
1202035669477937152
1174674854177460224
1174675710146834434
1196508202407383040
1162435396501770240
1196518557254922248
1155505642473324544
1155507970303832070
1204214502197039104
1204220833972908033
1204221294746587137
1204224315127783425
1196533535189782533
1204234003320049664
1196542900261117954
1202080826067968001
1162469282145398784
1204239315225600000
1162470403719045120
1162471200754458625
1196556535209443329
1196557954721337344
1204251455701438466
1202101634483908608
1162487508053061634
1202107114761510912
1196566255898988544
1162491475948531712
1202113106333196288
1204265274083594242
1202118373800214528
1202121929731141632
1202125260012679168
1202126936194990080
1202130169877581825
1155570119440945152
1202135185531080704
1196584065299730432
1202138673065549824
1196587071735042050
1162511484561215488
1155576329518997504
1204290568722898946
1202144385200087045
1162515673773301760
1202150389841195014
1162522448354406400
1202157906335916034
1202158335933345793
1204306442225737728
1155589277411160065
1162528604892405761
1204312417691295744
1196603578896371713
1196603900914069504
1204313854517186560
1155592705680035841
1202167566241648641
1204319046260248576
1162533879338528768
1196611039749529600
1204326144826171392
1196611790513283072
1204327155884154880
1231332631540879364
1204331145816502272
1155603346109034497
1155603427713355776
1231333410951401472
1196616035035598849
1196617493122404352
1155606498858242048
1231336705329750016
1202183878686806016
1202188291996442624
1231341941129826304
1155614585539350528
1204348417419464704
1202193319981268992
1196630275913990144
1231349485902626816
1155620874080309248
1155621909255450624
1231352793035751425
1231355045771268096
1202202766048784385
1231355808610258945
1204365335085772800
1231366487580999682
1204373314367475712
1155645575993450501
1202222364575928321
1231380224513728512
1231389388824690690
1231395382082408448
1231396164500504576
1204488848002043904
1204491142739312640
1204491543626665985
1196971340147806208
1196993430603173888
1197001526654328833
1197011917463851009
1197014655392071680
1197020940321705984
1197026916236087296
1197035578711101441
1197062489789218816
1197071463532179457
1197071835864559616
1197073026354831360
1197075866112495616
1197077265655320576
1197084018673471489
1197093067460874240
1197093398961774592
1197094114854129664
1197098054362361858
1197103662473990144
1197108296529768451
1197112429831831552
1197118319582597120
1197121529621798912
1197125878301331458
1197165337738805248
1197234130951516160
1197241621357551617
1197242902071541760
1197243714697154561
1197249268383272960
1197255617666109440
1197267559390646273
1197269733369712641
1197285083775782913
1197285296519254017
1197285776842805248
1197294112170487809
1197313424402731009
1197316468859273216
1197317232260313088
1197317609026248704
1197321817834188800
1197353069823922176
1197360135514906625
1197371625441619968
1197380129489485824
1197380184657276930
1197382298565410816
1197383659692679168
1197388051569246208
1197389301945896960
1197391144096690176
1197394366341345282
1197403291841253376
1197406466786775045
1197408241161916416
1197413763500036096
1197416027321065472
1197433477471330306
1197438553677946881
1197441204675153920
1197445931723116544
1197448869342150656
1197449698811863040
1197454959945502721
1197456450554974208
1197459660611018753
1197463161059692545
1197465784081158144
1197469563387932673
1197471231454269441
1197472984308387841
1197474554509053952
1197478023278186496
1197489077378940929
1197491695794810881
1197513361933553666
1197535305508610049
1197536323432787970
1197539473204154369
1197544466875219968
1197589937006116864
1197598646432387072
1197600140577558528
1197601630557884416
1197615509560320000
1197616418491002880
1197624233934950402
1197627083645689862
1197635493459947520
1197637462815858693
1197649482000695296
1197654521175916550
1197654771278106624
1197655439372161025
1197658191863136259
1197660608239472640
1197665691869962241
1197667470145814533
1197675235849277441
1197690102958264320
1197700192851648512
1197724605751783429
1197736854256271360
1197740854514814976
1197754103998246912
1197755415422889984
1197760673951780864
1197761515182411777
1197762461807435776
1197779629387288576
1197780954372284417
1197782672203890689
1197787916556046336
1197795239596945408
1197803768617717762
1197805248179367936
1197810868605444096
1197812331448803328
1197814802468311040
1197819215039750145
1197825039413862401
1197828454248353792
1197830324614389760
1197831252121968640
1197837610430812162
1197845480702480385
1197849069063770112
1197862927736295424
1220526357303574528
1220522572992974849
1210033009652428801
1202993247204757506
1220527302615846912
1210029086996758528
1210033506413211648
1202993861187923968
1210020976932474880
1157455959926554625
1157456467055693824
1220525063562309633
1220529083278336000
1210035553246175232
1157456780894453760
1202991784969658368
1220529800202399744
1157448761443905537
1220537757354717184
1210023020607111168
1202992292476272641
1157449200918880256
1210037061396262914
1157462141311410176
1157463704276881408
1210043796911603712
1157468268162011137
1210052408547647489
1220549060404187137
1210048727056101376
1157467069996081152
1157473859303436288
1157474037947404289
1210058730848473088
1210050625016193025
1210059666165624832
1157480347547795462
1157481749971996672
1220561734114607107
1220573289161969664
1157487114742685696
1210074708529553414
1210079375753805829
1210079762464378881
1210080092518412288
1220564701995655171
1157489073788841986
1210068155260784640
1220568847687618560
1220568856801886208
1157496894504833024
1210085586834296832
1186702302876336130
1220579414263525376
1210088061737897984
1157500750492315649
1210089241553715201
1210089362664247296
1220581836037988352
1157501361719631875
1220589067403792385
1220590058027278336
1210100222954573824
1220591634091393025
1157509644987830272
1210102368743723008
1157510351849545728
1210110845163696128
1210109973029625856
1210116340373237765
1220601678207963137
1157522174669815809
1157527890776354816
1210122910909644800
1157530518818131968
1157531516345430016
1210131992659890176
1157537338710380549
1220622722813788160
1157538221015781376
1186732061291237376
1157539457433837569
1157543909595045889
1210147395197005825
1157552385809498113
1210150555185664002
1157553462009184257
1157553707128483841
1186743743929552901
1157560277904179200
1157561397586190336
1220645702449057793
1210159434481029121
1210159497047494656
1186747362137395200
1220648785048563713
1186748721771491331
1220649722366443520
1220649897663193088
1157568119855935488
1210163947883696128
1210164121343119360
1220653084730216449
1186752162879029249
1220654493970268160
1186753493358526472
1186754112068546560
1186756736285200385
1157578552465854466
1220660966238478336
1186757890587025408
1157580696212426753
1157581878104227840
1220663867065290753
1210175479052828673
1186760161580335104
1157584837269573632
1210177749320716288
1220667003549020161
1157587685252296711
1157590879541923841
1220670285344464898
1157591189018726400
1157591217753903105
1186765306808586240
1157592199187427328
1220674347842490368
1220675031530737664
1157598385618087936
1157598447622488064
1220678226466328578
1220682596687810560
1157610842654777344
1220688046682562561
1186781394506268672
1220690555614744577
1186784200633905152
1220695960554049537
1186789930355179520
1186790846974382084
1210209609366945792
1220700387369316352
1157631598692638720
1241250420271583238
1241257247985942529
1220707553975234560
1157637386878107648
1186802716497989634
1220713274288885760
1241270320679419904
1241274185373995010
1241277308016537601
1186819458813198336
1186821896542703616
1157657752220495872
1241285648855601152
1241292456286535680
1157661974869622784
1157663518411280384
1186831119213187072
1157667639092662278
1241298143477522432
1186832774608478208
1210252416265834496
1157673790630969345
1186840849763536897
1186842894914609152
1157679550853074947
1186844866434584577
1186851847426007041
1241318942947172352
1186853890328653825
1157690558594207744
1157692128148852737
1157694335271329792
1220765729923821569
1241328340499402752
1241329556377591808
1186870742673055745
1186873005281959942
1186873214791667712
1241334406385561601
1157707844705067008
1186879362244591616
1186880798655303680
1241436358641512449
1220785826533183491
1157716589812183040
1220786527896129536
1241458961577992193
1186898950898376704
1241481312134811648
1241481592444354560
1241482200547090437
1241485999215013889
1210312179615842304
1241491255374143488
1186907001109934080
1241492866490421249
1186907810618961920
1241496087812177920
1210319075856904192
1241534741850894336
1241536552250904576
1210316363849289728
1220808893443399680
1220801861852119042
1186912769842397184
1186912914193518592
1186925273268178944
1241528195473686529
1241517990706737152
1220806612480212992
1210330089373593601
1241542174572867585
1210330964053749760
1186921965895864320
1210331083805360129
1210331402434015232
1241545988830924801
1186934988979097601
1220816288362065920
1210332186617868289
1186935286934233088
1210332330956472320
1157751469224816640
1186938295298641920
1241559016259506182
1241559969528295424
1241561996400754689
1220823882589863936
1186945881192321026
1210340317104242688
1241571030994284544
1241580231963496453
1241580264062464000
1241564983856635904
1241582635555717126
1241568348556541953
1210348296608239616
1241585642145902592
1241578772320514048
1241587702287433734
1210353271312773120
1157770088545697793
1210353906057990144
1220837708399923200
1241604153798950912
1220839236481339392
1210356128841748480
1186965064093274112
1241608900329103362
1241609080554188800
1241611186732322816
1241616326113648640
1241617763421941762
1220846251140403200
1210363581071577088
1157779347849109504
1241620727402381312
1241622239897780225
1241624489995075586
1210365775741149185
1157782225590480896
1220850457817432064
1241629522044129286
1241630707023314945
1157784251187642368
1210369683477516289
1186979078865178624
1241640097050587138
1210373409697198080
1157791604423270400
1241644955367587840
1220860871229894657
1241651722906288131
1241653703473393668
1241653718434512896
1241654722206916610
1241658737036681216
1241659214759473152
1220867885196812289
1210383766113472512
1157799989487124481
1241664716885262337
1220866994817290240
1220870650790739969
1210388232388505600
1220870945318899712
1220871670769938434
1220872175067910145
1241670307988922369
1241671306157813760
1220874045635223552
1210392274741260289
1241674531833446400
1210393448047505409
1241675085439614976
1241676057293578241
1241676410382499848
1220877697116622849
1241677630627131393
1220878989251600384
1241679712579018752
1241679739644825604
1220880575390609408
1241681594676625408
1157819253807915009
1241688424899170304
1241683353507713024
1157815989439827968
1220882242576084997
1157816433469882368
1241691364816867330
1241693219554865153
1241693865972625409
1241703551794966529
1241703751448055812
1157825436073652225
1157825937615884288
1241717189389905920
1241707734732378112
1241729672657813505
1157829048719966208
1210414311186657282
1210416890243248128
1210419021318770688
1157836979104563200
1157837231949864962
1210423887273414656
1157843290366066688
1157846837396529152
1241822333054009344
1241823490245668865
1241827428734873600
1241833451898077184
1241834196005355521
1210434020858679298
1157848669443493889
1241843725275246592
1241844745401327616
1157851716198342657
1210441694065221632
1210441795131363329
1241856244081741826
1241856401808306176
1210443084607021057
1157860324575338496
1210451066531147778
1241872400108548096
1241874385268432897
1157862750309232641
1210457500090159106
1246541651444555776
1246546313967054848
1246551448147488769
1157872062318276608
1246556457832570880
1246560119032360961
1157873289965920256
1246562330822897665
1157875484371247104
1157876791433785345
1210472043289948161
1246569926896345088
1246575745826091009
1157879346004221953
1210475971716866048
1246577557668937728
1157880790685896705
1157880839876689925
1246622597737046016
1157891583250796544
1246585944267821056
1246586279069974529
1246586336464629760
1157883411903606785
1210484160109801472
1246586902721056775
1210484684787814401
1246588026676969477
1210484942343294976
1246598127802560512
1157893452035547137
1157893615055585281
1246614090845323265
1210492597203947520
1246614836760305664
1246631913579823105
1246632404610977792
1157900315657506818
1246617123012648960
1157906852421570561
1210506014593712128
1246651426719141891
1246656068219850752
1157912084278988800
1246664955429937164
1246665677026373632
1157913991391281152
1210512802634289154
1210514073873342466
1210514134187425792
1246670721075437568
1210515744888246272
1210515901889404928
1246674881955024896
1246679601402822657
1246681527200763906
1246681841144389632
1210522206234525696
1210522838010093569
1210522857471561728
1246686547065188355
1246692345803706369
1246693707266568193
1246695112568008705
1246698671841959939
1157931954727202816
1246701917973000192
1246703425338793987
1246704776881958913
1210530368790519808
1157935579989860358
1157936179930550273
1246707841806680064
1157936841451954176
1246710613998370816
1157940472821633025
1246715200612339719
1246716297162850304
1210535579261124608
1246717411597750275
1246717683418054656
1157944553095094274
1157944919291584517
1187099844969521152
1210539661891792897
1187100726800945153
1246729130172801025
1246729933528764416
1210542379637317632
1157951317475639296
1210544461782093824
1210544631030505473
1246738872278671360
1246740374778810368
1246741913484460032
1246745896236118017
1157956288669634565
1246752281669685249
1246753530267832320
1157959601251180544
1187110233103097858
1157962439981490176
1157961214233726978
1157964171302113285
1246762505994506242
1157969887056355329
1187116398058729472
1157970112365912066
1187118469315121152
1157973506266521600
1246780044246020097
1187120943862177792
1187120995217231872
1157976539406856192
1187123023146438656
1246808289259577344
1157981901186981888
1246837440632905728
1246838935956799489
1157983448495083520
1187130044054769665
1246853601428795392
1246903725140008962
1246905757821308929
1157986857545654272
1157987085292359681
1187132542563975168
1210574102328569857
1157990775822532608
1187134442889809921
1246908165989584896
1246912242664329216
1246916034986217472
1246918203986587648
1246921007836745730
1246923513186750466
1157995905066270720
1246929612539670530
1246931992869875712
1246931960997400576
1246932209170173952
1246934345421471744
1246943697880547329
1187145487721230336
1187145889032196096
1187146170763595777
1187152555727437825
1158013209414008832
1187155423033348096
1158015995732099074
1187158116187553797
1246969056042737664
1246969146258186243
1246969421672796160
1246970539849199617
1246971053236080640
1246972802621747200
1246974334867890176
1246975224337190920
1246981013709840384
1158017591882862593
1246985416445546496
1246986947056340996
1246987242414931969
1247001250480058368
1158029045054840833
1210663954328014849
1247021567629864961
1247025892523749376
1247026050267254785
1210677160907698176
1210678566167425024
1158097214327132161
1247039927524696067
1247039892267438080
1247044020687249408
1247045654356152326
1210689734877401088
1158113386330128384
1158114830974251008
1247053068828540928
1247056205933092864
1247058617423069184
1247059915115503617
1247061880754958337
1210702145906806784
1210703961063186432
1210704101010395136
1210704295173279744
1210705145786331136
1158123877651763200
1247074240580464640
1247074293122555904
1247074661231464449
1247077572514439168
1158127845178134529
1210712504319410176
1158129567040753664
1158132303576457216
1247081696702246914
1247084384072527872
1247084520949473280
1247088261354291200
1247089153298190337
1158137562516480005
1247091024494764034
1247097707019239424
1158141233031782400
1210728997199306753
1210729608137469952
1247102584587841538
1247105760753934336
1247106726949572609
1158150815229468673
1247112977351766016
1247114508524552192
1247120478294040577
1247123417934860288
1247124555719639042
1210747159844249605
1210747257936478214
1158162677849399296
1210749905662140416
1210751981226082304
1210756369583751168
1247146155231731712
1158174416959877120
1210761042868858882
1210762488221822977
1210764715313360898
1158180514467127296
1210767415056859137
1158181816764735488
1210768668499464196
1158188458789212161
1210778714574733313
1210781104271024130
1210781692102762497
1210783447393816576
1247260635857068038
1247276564997234688
1247276924453314560
1210786914728415232
1247296899117240320
1247305604424597504
1210801254114328580
1210804174708854785
1210816822657703939
1210820110316789761
1210825284141768705
1210825469492224002
1210825903338471425
1247314914726703104
1247315596682727424
1247328779070038019
1247328961090088961
1247333418511130624
1210833024205541377
1247336174097534977
1247336525940936709
1210839352642854912
1210842773269532672
1210847001186852864
1247338212856496129
1247341882838937601
1247346169790918656
1247354464282931200
1210852738709409792
1210853846777389057
1210853944584392704
1210854334734487553
1210858833616109568
1210862351961878529
1247359600841461760
1247362767268372482
1247366300038381569
1210869913818025997
1210872550831489024
1232740380069765124
1232742793639890944
1232754235411877888
1232761702292189185
1210882977367916544
1210885174935744513
1210887198989438983
1210892267025784834
1232780571631325185
1232788701924732930
1232791597764333568
1232797339577831424
1232799664023330817
1210943093035302913
1210946460876828672
1210995163385995266
1232807758229098496
1232809246930063360
1232810286756745216
1232811741722992641
1232814877376417792
1232817929344954368
1211026419410591744
1211030626142425090
1211034181314080768
1211036044767809536
1232836793072062464
1211040993559998465
1211052451744419842
1211055283738300416
1232850491048001536
1211057730003329031
1211064628886822913
1211066035211665409
1211068608714948611
1211069101419819009
1211069504370819073
1232858603394129922
1211070466552684545
1211076462498828288
1211077608919617537
1211081283524124673
1211090665074905088
1261931962262052864
1261937515159859201
1261941125381623808
1211096853875281926
1211096932514316294
1211098306555699200
1211099466213838850
1211100040879472640
1211103080692891648
1211103301468446720
1211108630986018816
1261946599946637312
1261949688418168834
1261952344897449984
1261953060756172800
1261953162715426817
1211109103243649026
1211110642175762433
1211111390670311424
1211119722634235904
1211121276246347776
1261961337250316288
1211127274335956992
1261966138797219845
1261966415361216517
1261974183421992961
1211141751974481920
1211147438611783680
1261979394610008064
1261990467526246400
1262030107797073922
1262124660147105793
1262134888700010496
1262135447750410241
1262140175221571584
1262141451535712257
1262148120625864706
1262151582885441536
1262161753690894338
1262162650475057152
1262165306539012096
1262170634181697537
1262176691977216000
1262178569909829633
1262179456648536064
1262182844773707776
1262191344019218432
1262200596507111426
1262201178017787905
1262203393730199552
1262204406998523905
1262207832675332096
1262223164744048641
1262225125681901575
1262228011853766660
1262228685240676352
1262253592976568320
1257986092017397762
1257989246951940096
1257991815451402245
1257998656730357760
1258000345898250240
1258002270639108101
1258009298837229568
1258015861983543302
1258016148299419648
1258021840032694273
1258032332616814592
1258055988243951616
1258114433462579200
1258144250006405120
1258146836675608576
1258167269219119104
1258170700084342784
1258171025910448129
1258180977601286144
1258187064484360192
1258192860777598976
1258204014430298113
1258214501008068610
1258221396712398849
1258227341915914240
1258230178423042049
1258236866161082379
1258239282118000643
1258246048075710466
1258252930261622785
1258256191236472833
1258274653816131584
1258279108653412352
1258288405093343233
1258299595961982977
1258302218366844930
1258304215966867456
1258304759615766530
1258306430840397826
1258315407657709568
1258318152372490247
1258324327897853953
1258325577808789504
1258330702237466625
1258336440691249152
1258344495474761731
1258345250235408385
1258346086260826112
1258351154456559617
1258354193535873025
1258359951875084290
1258363367732817920
1258364185395650561
1258375287575703552
1258376244850122752
1258417245274779648
1258430682885509121
1258457810913779712
1258487962263642112
1258508418467262466
1258518575611965441
1258520231984521217
1258524637140377600
1258528785105776641
1258541532870631424
1258545066097831936
1258547469861785600
1258549632725954560
1258556709192101888
1258567925306294273
1258569495422988288
1258582900200660993
1258597319252905984
1258599723046367234
1258600105512501248
1258602886751064064
1258605317065068544
1258616341226909697
1258622678929301504
1258622638685138944
1258624145803210753
1258632188435722241
1258632445210980352
1258634444597952513
1258649617287151616
1258658654489702400
1258666290887221249
1258669177692454912
1258678573633847299
1258678650091655168
1258679997981585413
1258680986977648640
1258681409717354497
1258682370418307073
1258685771571064832
1258690416615931910
1258692484537839616
1258700489337667584
1258705535509188609
1258713173277859840
1258720433798434816
1258730749424893952
1258733753318248448
1258743481830236160
1258756404174675968
1264779148129492992
1264779306955206656
1264794277118345217
1264794941466611712
1264797007991824386
1264805887169794048
1264811576843878400
1264812669602684928
1264823657550893058
1264828041026551809
1264835185092091904
1264839132813148162
1264842845149519873
1264853466943377408
1264853837052968961
1264856639082917891
1264857123902513154
1264860153448247297
1264863890946486272
1264869058920538113
1264871153165893632
1264871995398709248
1264872118111465475
1264879204061138944
1264879259543203840
1264895238515994625
1264905839036395520
1264924187354783744
1264925355896258560
1264926793032593413
1235999788484591616
1236018315463663616
1236041179977977856
1236052488903512065
1236056680611205120
1236061307369119744
1236064804739006465
1236067326379913216
1236067830254067712
1236070052362768386
1236076253934952448
1236076859990765569
1236081201313693701
1236082116657438720
1236083428304416768
1236084114018545664
1236085577260269568
1236087145556664320
1236091728576294912
1236103431749644288
1236106489778987008
1236112542822313984
1236112838105550848
1236113449135919104
1236124650880372736
1236125075788582916
1236126273077796864
1236135184606482432
1236135246275522561
1236138186583281665
1236139271813083136
1236139368525393921
1236141576935452674
1236142530594353152
1236142933163704320
1236145213912956928
1236149482007539715
1236153306390474752
1236154536244338688
1236158683949588481
1236158859116412928
1236167401793679360
1236170265803059200
1236175337416822784
1236177046012719105
1236177953903476736
1236179500884324353
1236181059257151488
1236188706081472512
1236190285673181185
1236190289091375105
1236191076471525376
1236192463510999040
1236192608361291776
1236198020011573250
1236203200027324417
1236205876899237889
1236219806468034562
1236223707242102784
1236227420266491904
1236231498681831424
1236234469784219648
1236242233394950144
1236263597392576513
1236267071954190339
1236267488242884608
1236270795594149889
1236283950399700992
1236287413116268545
1236294515230564352
1236319742819999746
1236326707130327047
1236384490081017857
1182378507327946762
1182384303562297344
1182389774549770240
1182407294719365120
1182412572475056128
1182424632881635328
1182429163669479426
1182439676348633091
1182444561903149056
1182449610196783104
1182452778293030912
1182454464575234051
1182461320676794368
1182470998940995585
1182473887222620161
1182482109522251776
1182487990695653377
1182494014047567872
1182509557630681090
1182512812947472384
1182525946957426688
1182530801163886593
1182534088030208000
1182553593703854080
1182568132193345537
1182569196137242624
1182570024252239872
1182576357567426561
1182587255103184896
1182592105434083328
1182599858928046080
1182601976460136449
1182613444580671494
1182614538363068416
1182623485735997441
1182626093691334656
1182628545517871110
1182631372810158084
1182658329811791880
1182658739175862272
1182659514853666816
1182725615205543936
1182751974648958981
1182752759956824065
1182757581401575424
1182757806480470022
1182760023937519617
1182768246371553281
1182774533666684928
1182775739164188672
1182780991158587397
1182784827730194432
1182796011820834817
1182797906887098368
1182801190825803777
1182801582364061696
1182802546873647107
1182805124089032709
1182815511442182144
1182817840870625280
1182822131337318401
1182825974167064576
1182826603044397056
1182833709461819394
1182835533841481728
1182838404695805952
1182842525117079552
1182845512736591872
1182850704060190720
1182856865157246977
1182864830622908416
1182866918404845568
1182875425690869760
1182885356514865152
1182887403167444993
1182887680079622144
1182906397656256513
1182907450153824256
1182908635547979777
1182908844462104579
1182914795340619776
1182917418701606913
1182917704392437761
1182919301117857792
1182923231587491840
1182924367212138497
1182925535724224512
1182925713755623424
1182927751877156864
1182930041295917056
1182931979152445440
1182935657435541504
1182937765496999936
1182938424757518336
1182944212162998272
1182950691469324288
1182953520393150464
1182954634890973184
1182955426880507904
1182956867607154689
1182959582643195905
1182962083341557760
1182972041953071104
1182977382153457664
1182980788960104448
1182984240188669954
1182985421468229632
1183003468568518656
1183004458600427521
1183006358817230853
1183007989000630272
1183017158621581312
1183025770349727749
1183026311658274816
1183034760668442624
1181736573513023489
1181739222203588608
1181759567673212930
1181769156946878466
1181780720257306629
1181789596058701824
1181792077904003072
1181796673183305728
1181806861630095360
1181809814936018944
1181814303273320448
1181814780039794689
1181822606866993152
1181823191380979714
1181834514034614272
1181849745548959745
1181853341011169281
1181860162677534721
1181877645413273601
1181881463140020225
1181885468297678848
1181886697962754048
1181889845498728448
1181891960614707201
1181896788459978754
1181899628247076864
1181900700265041921
1181910110643208192
1181925501839056896
1181927044013146112
1182005106784358400
1182016798352273409
1182022418933542912
1182030686196092928
1182038615783698432
1182042167142801408
1182055521043378176
1182055577918136320
1182059940266958849
1182061609327288320
1182062139692867584
1182070832882798592
1182074742272073728
1182077806081036288
1182079314805673984
1182087668324159488
1182088753189273600
1182108790730174464
1182109519876259840
1182127607434711040
1182129643534467072
1182131942541541376
1182132409631854593
1182132451193176065
1182141993561944064
1182144927926325248
1182163922465374208
1182180661144080384
1182181606422765568
1182189858564923394
1182190426729508864
1182191787672309760
1182192113951207424
1182192334349332481
1182198249353908224
1182199804824190981
1182213755288948737
1182226207137566721
1182227470210064384
1182227938202140673
1182232576783613952
1182237224739278849
1182253827304513536
1182255454971297792
1182260829527236608
1182261277667647488
1182278324183281664
1182283833858637825
1182322067259027456
1199785192002478080
1199787187660709888
1199801218681294848
1199809904204075008
1199820988847808512
1199821527228641280
1199823686259245056
1199825376744095745
1199840166661242880
1199852516269150209
1199857698017173504
1199861836293783557
1199867532015894528
1199872631916224512
1199898077605187584
1199919943501770752
1199927532557983744
1199931548771860480
1199940325545926657
1199944196112576513
1199947591506464768
1199964126308524032
1199964437664292865
1199968917990461441
1199970024439435266
1199970375821447168
1199979836737048576
1199980322248511488
1199981578580975616
1199993042381479936
1200027951128952832
1200042276287762432
1200071344869822464
1200071358656303107
1200127282834235392
1200129286348214272
1200130178929721344
1200138149046829056
1200142342046437376
1200150303431168002
1200152442744139776
1200155395353743361
1200155644419919873
1200163602394566657
1200167858258370561
1200171559698092032
1200177842203451393
1200178416756154368
1200182395137187840
1200212011998683137
1200214540861886464
1200219013101416449
1200227241973542912
1200236224021090304
1200242917924724737
1200249312996810752
1200258378905182213
1200260474060689408
1200261908315570176
1200263417292107778
1200267158002864128
1200285205749211136
1200288811562848256
1200289421419073536
1200291314878730240
1200291372554539008
1200297788145168384
1200300199274590209
1200304575674273792
1200313834289811456
1200320676394987520
1200326606977241095
1200333871285452800
1200334356415311872
1200335736123228160
1200336646303965184
1200339903428485121
1200344366960664576
1200348147530121218
1200351707978321921
1200352544691646464
1200356834676105216
1200358377152548864
1200371634223210496
1200371655660302336
1200385120747712512
1200504292056002561
1200509403494936576
1200522117130915840
1200555558522064896
1200560711291691012
1200568327388557312
1200583669464752129
1200600044577050625
1200600585612845056
1200600955701485569
1200615142360145920
1200626581456093185
1200631524111966208
1200635337984184320
1200640815552270336
1200641915479187457
1200642441663012865
1200649715446173696
1200651474482581504
1200654603450060801
1200664515722899456
1200664922432004099
1200667518387376128
1200668840457170945
1200673117305049088
1200675624077017088
1200677579314778112
1200681411734192129
1200684204343750656
1200689475019407361
1200698488918396928
1200701037159440384
1200711487930548225
1200711897139384325
1200711943415304193
1200712692685688832
1200719261892694016
1200720581806575616
1200720658826530816
1200720789940555777
1200725491189051392
1200725611683037189
1200739954382397443
1200740186725875712
1200742806408425473
1200747545942622208
1200752741481504768
1200757200966172672
1200762291186089984
1200769362367434753
1200777239870095366
1200780047231045632
1200798449332932610
1228446279170019328
1228451140578099202
1228452152864960513
1228466312881504257
1228466644017483776
1228471383920979968
1228482323705786368
1228484183367897090
1228489741043027968
1228491495453282304
1228491854125006848
1228492557488836609
1228494442249605120
1228496375530147840
1228499989082435584
1228502488841670658
1228503761699713024
1228511016859963392
1228516106521808896
1228519210285813760
1228519936617844739
1228524941395423232
1228525583853748224
1228528814617088002
1228531186785370112
1228533489336770560
1228537110019350528
1228542011390562305
1228545710779293699
1228551320509960193
1228556294858170371
1228558566245617664
1228560744272162818
1228561902856355841
1228564431677771777
1228569189583114241
1228569799245983744
1228572304180858880
1228574552982052864
1228580460936253440
1228587228202491904
1228588485830828032
1228591336237854720
1228591976833900544
1228594062770327554
1228597437121679366
1228602832703541249
1228603223067389953
1228608263165501440
1228615626865856512
1228615859733716992
1228618899144376321
1228622845191823360
1228623844698738691
1228623849178062853
1228626080266743808
1228626447729692673
1228627866276904961
1228628603371319296
1228631149062156289
1228632180701614080
1228638060734107648
1228643389786116096
1228643587727822849
1228644956123779072
1228647587969789952
1228650786617466881
1228654684304338944
1228656271705821184
1228668137635119106
1228668297052184576
1228690221362860033
1228698100107116544
1228723329982484480
1228777021884551168
1228791029228130304
1228792348609368065
1228804418977456129
1228805567528833024
1228813242316648448
1228824757908336640
1228837248226869248
1228847573798092806
1228850020687831040
1228852015410794496
1228854404943532034
1228855537116205056
1228859285335138304
1228860086824689664
1228862707375493121
1228868930728419328
1228875342258925569
1228885014995095553
1228893227232550913
1228905092146847744
1228906780136108033
1228907662600859648
1228921903760363520
1228929670889926656
1228936123289702401
1228937124377960448
1228940380089077760
1228944153322541058
1228949706979434499
1228949974857089025
1228951539185668096
1228953347979300865
1228955203497447426
1228956893353324547
1228959364519645184
1228962707195318272
1228980733391314949
1228984285312540672
1228985938094612480
1228986189262151680
1228990747052953601
1228993385551151106
1228994639178240001
1229001242707288070
1229003119373082624
1229006995656568832
1229016055193853952
1229019760886571009
1229028918222393347
1229039809827442695
1229042983871188992
1229077933702230017
1229116436213313541
1229151072574418944
1229152843073900544
1229153998990532608
1229154796604542976
1229177263566073856
1229179680026005505
1229185598067335168
1229187160579833857
1229187420693774336
1229197605139206144
1229199580496949249
1229199682833960962
1229200063357837312
1229202603747053568
1229208289801424896
1229211401111076864
1229213155684806657
1229220580068511744
1229221972393025537
1229225587908042753
1229250679304179713
1229254270190526464
1229254688937132032
1229256034985754624
1229261943979929600
1229272438577324035
1229289230611832832
1229293050154762240
1229294161410396161
1229301785870815232
1229313424049360896
1229315574813134848
1229320212610211840
1229322135149129728
1229322715821006848
1229323903958302720
1229330198535004160
1229332409805524992
1229334577044283392
1229336473486290944
1229337276896944128
1229337313680875521
1229345009431826432
1229350269655420929
1229350576208498689
1229351954847019009
1229352726141665282
1229356944600772608
1229358308550533120
1229358602546081792
1229362440938246144
1229362854907674624
1229368705684918274
1229381786318311424
1229382688445997061